waggle	360.0	180.0	-1.27229739521	-0.955779
waggle	375.960660995	178.166675012	-1.66316237089	-0.9957373
waggle	360.642220706	178.203143866	-0.86997796825	-0.7643147
waggle	370.620790948	180.143017507	-1.35746879302	-0.9773318
waggle	369.283401414	181.116709211	-1.30320801319	-0.9644114
waggle	365.092078753	182.250737023	-1.19551431992	-0.9304043
waggle	374.092078753	179.250737023	-1.48125498519	-0.9959939
waggle	363.499656481	174.740976716	-1.25221448586	-0.9496806
waggle	372.240925179	177.791456454	-1.64286716568	-0.997404
waggle	367.099539539	176.304577094	-1.58611415837	-0.9998827
waggle	365.488146716	172.511618161	-1.36927377239	-0.979763
waggle	373.91144684	173.565946522	-1.56105345973	-0.9999525
waggle	357.91144684	169.565946522	-1.07304198771	-0.878657
waggle	374.743213928	171.636039701	-1.45317874177	-0.993091
waggle	363.915060254	169.823355934	-1.04494689875	-0.8648979
waggle	372.936368173	169.849793411	-1.403014524	-0.9859576
waggle	372.528576109	170.012864672	-1.45998890647	-0.9938671
waggle	358.884601884	166.839861319	-0.998030832441	-0.8404054
waggle	381.620714418	170.818111852	-1.69656832832	-0.9921011
waggle	365.620714418	165.818111852	-1.10819300674	-0.8948937
waggle	372.256254212	165.367047781	-1.24630778035	-0.9478139
waggle	384.518014057	160.757586689	-1.52722150932	-0.9990508
waggle	361.518014057	163.757586689	-0.870849539898	-0.7648765
waggle	375.248957561	163.476612533	-1.46491931399	-0.9944003
waggle	375.424830728	161.132209376	-1.27057963154	-0.9552724
waggle	371.415208447	159.681235467	-1.18896511197	-0.9279838
waggle	378.256916778	163.964163092	-1.42788309951	-0.9898053
waggle	365.256916778	160.964163092	-0.993652120846	-0.8380243
waggle	381.293702921	161.346546774	-1.4502774124	-0.9927464
waggle	370.695932775	157.19295518	-1.22384851937	-0.9404149
turn_right	374.31620062	152.983235452	-1.12032555797	-0.9002422
turn_right	381.338116281	151.389327789	-1.11077560942	-0.8960433
turn_right	372.449076058	148.370283106	-0.807001686997	-0.7222166
turn_right	384.84228277	156.207955885	-0.912660196292	-0.7911336
turn_right	380.633392151	150.788761194	-0.426017841686	-0.4132479
turn_right	385.668032569	153.708924531	-0.30845228336	-0.3035843
turn_right	392.036791446	154.006266149	-0.285798937725	-0.2819241
turn_right	388.184021417	153.144737737	-0.253808359657	-0.2510921
turn_right	388.813205456	151.031666019	0.0722742631688	0.07221136
turn_right	386.843233232	144.749547943	0.4505172286	0.4354312
turn_right	388.736113716	144.164278364	0.466734433245	0.4499724
turn_right	397.185316055	142.309012277	0.659573110439	0.6127796
turn_right	393.373864333	145.829078188	0.65622451277	0.6101299
turn_right	399.731409967	145.694568378	0.761064818834	0.6896929
turn_right	408.042735963	149.13398933	0.980990523613	0.8310487
turn_right	420.058736691	164.189017444	1.08676572967	0.8851265
turn_right	415.574813868	155.298328299	1.21026957475	0.9357111
turn_right	417.102256696	159.489831251	1.51297988472	0.9983291
turn_right	414.480401816	157.804010118	1.46703740744	0.9946219
turn_right	417.34497525	159.048463343	1.46039716723	0.9939122
turn_right	412.808076034	161.422303346	1.25972709743	0.9520068
turn_right	416.63345038	165.216711546	1.30466192482	0.9647948
turn_right	416.831016793	165.626513895	1.24886199569	0.9486252
turn_right	416.945931733	167.024411842	1.12050798602	0.9003216
turn_right	416.478017293	167.83967927	1.14968259296	0.9126342
turn_right	412.899203533	171.372951938	1.3349401669	0.9723146
turn_right	411.33020109	171.67324387	1.38005354133	0.9818637
turn_right	413.327679917	170.257099584	1.61695509405	0.9989349
turn_right	408.772939225	175.214990429	-4.46756126525	0.9701791
turn_right	408.290495528	177.083056029	-4.35669122284	0.9374037
turn_right	410.212337099	179.344650491	2.27004725608	0.7653245
turn_right	411.736474496	183.384242667	-3.96141573169	0.7310251
turn_right	410.188809484	185.947452955	-3.88876823327	0.6795694
turn_right	414.535983899	191.378170929	-3.64671566903	0.4839151
turn_right	413.842214573	191.685464302	-3.44512930737	0.298897
turn_right	408.182524489	193.067498911	2.98668384298	0.15429
turn_right	403.880696374	192.952679288	-3.34119375639	0.1982784
turn_right	403.462962936	197.111795683	-2.97506673701	-0.1657573
turn_right	405.863058819	198.085998233	-2.93870530189	-0.2014983
turn_right	408.192799165	198.443627263	-2.92159540652	-0.2182269
turn_right	407.311078328	198.886486667	-2.89834706484	-0.2408539
turn_right	408.131930505	197.942350469	-2.84675222893	-0.2905872
turn_right	407.221607786	196.771670556	-2.81435858433	-0.3214251
turn_right	407.868345079	196.359644168	-2.80538605326	-0.3299085
turn_right	407.144332909	196.486691244	-2.71749791309	-0.4114959
turn_right	405.980308988	195.716365927	-2.69870011772	-0.4285547
turn_right	404.109383713	194.809834552	-2.61675242877	-0.5010747
turn_right	398.658517456	193.911099784	-2.55552683744	-0.5530877
turn_right	394.784546743	194.798162826	-2.45584050087	-0.6332553
turn_right	389.583853884	189.474571855	-2.4546951729	-0.6341413
turn_right	388.50059477	187.937834038	-2.29590329938	-0.7484285
turn_right	386.152560877	188.179546598	-2.50300011348	-0.5960659
turn_right	386.668487194	184.016869766	-2.1716059804	-0.8248782
turn_right	383.947551421	191.054218252	-1.94101006916	-0.93225
turn_right	383.793157644	188.647310715	-1.65344276386	-0.9965867
waggle	389.366206434	189.201897645	-1.73420634998	-0.9866783
waggle	379.63665179	191.574793714	-1.55659000434	-0.9998991
waggle	377.720712582	192.174329902	-1.53277974396	-0.9992775
waggle	383.495573663	188.97607146	-1.48507148377	-0.9963279
waggle	390.535784826	184.891641501	-1.74774717583	-0.984385
waggle	375.887378487	184.465517738	-1.5566899894	-0.9999005
waggle	386.429185435	189.568409513	-1.58826354563	-0.9998475
waggle	390.714668081	186.321169368	-1.56996808322	-0.9999997
waggle	383.088940234	179.690078409	-1.38052143751	-0.9819523
waggle	391.049397962	178.891994107	-1.70322476493	-0.9912442
waggle	376.261443237	177.997500705	-1.06678817118	-0.8756539
waggle	398.261443237	174.997500705	-1.77011261298	-0.9802022
waggle	381.727455025	177.867536207	-1.2457629337	-0.9476401
waggle	380.246031858	177.056957301	-1.27897360189	-0.9577211
waggle	394.86962465	174.370562759	-1.69296493313	-0.9925467
waggle	374.42008413	172.225587461	-1.0954979389	-0.8891562
waggle	392.42008413	172.225587461	-1.65809515478	-0.9961919
waggle	378.594674874	173.070489423	-1.32832304592	-0.9707471
waggle	380.546206789	169.997041247	-1.31190333327	-0.966674
waggle	389.128544282	168.320027665	-1.2895084612	-0.9606987
waggle	376.44254914	165.13458134	-0.866537560828	-0.7620917
waggle	395.354368961	168.193328047	-1.46951999692	-0.9948759
waggle	379.082657984	171.370778063	-1.12033311267	-0.9002455
waggle	385.40591884	169.734341476	-1.14689845718	-0.9114926
waggle	391.492400714	169.468675308	-1.46531767189	-0.9944423
waggle	378.0778943	169.018364187	-0.912948578676	-0.79131
waggle	395.98429989	167.250418145	-1.62866669383	-0.998326
waggle	377.716663217	163.168700577	-1.2096771533	-0.935502
waggle	394.081626352	165.34453969	-1.71769080512	-0.9892304
waggle	385.063677562	161.663758699	-1.53696270544	-0.9994277
waggle	375.805762458	159.536789941	-1.27415568138	-0.9563239
waggle	395.805762458	160.536789941	-1.78618422263	-0.9768936
waggle	377.815930509	157.23926484	-1.1048334484	-0.8933894
waggle	390.34225557	155.827335276	-1.54430977056	-0.9996493
waggle	385.155515027	159.015494851	-1.18237829821	-0.9255093
waggle	388.431764607	157.763948899	-1.24517128446	-0.947451
waggle	395.299350944	158.029826317	-1.52945906873	-0.9991457
waggle	383.717993674	151.453191349	-1.20008058997	-0.9320683
waggle	404.153533104	150.643192358	-1.7580552423	-0.9825182
waggle	381.153533104	150.643192358	-1.19076445371	-0.9286528
waggle	400.153533104	150.643192358	-1.62661786261	-0.9984424
waggle	390.518052806	148.594824774	-1.30700897935	-0.9654094
waggle	391.469459487	150.18156461	-1.29028536375	-0.9609141
waggle	401.469459487	150.18156461	-1.59980018708	-0.9995794
waggle	386.469459487	145.18156461	-1.04246568155	-0.8636498
waggle	401.957461808	145.6140021	-1.78028382025	-0.9781376
waggle	390.817113645	139.626456638	-1.44203346978	-0.9917215
waggle	399.083057131	142.70002899	-1.65986432352	-0.9960361
waggle	401.672318292	141.06932775	-1.85241122853	-0.9606079
waggle	391.350184691	137.668528703	-1.89867334849	-0.9467281
turn_left	401.848672412	138.839912508	-2.5969774133	-0.518089
turn_left	402.42563807	135.345617619	-2.43164625104	-0.6517931
turn_left	402.074698123	133.763351847	-2.95225356301	-0.1882098
turn_left	402.074698123	133.763351847	-2.95225356301	-0.1882098
turn_left	407.382758001	133.176487015	-3.06505901168	-0.07645895
turn_left	405.922908762	133.439993104	-3.11618363792	-0.02540628
turn_left	408.857769856	127.418142696	2.94889552855	0.1915068
turn_left	398.033816276	123.489636634	2.72530162973	0.404371
turn_left	396.319740206	121.771174052	-3.74472282274	0.5672231
turn_left	396.319740206	121.771174052	-3.74472282274	0.5672231
turn_left	394.340224986	120.796529735	-3.86260922103	0.6601486
turn_left	395.468758345	123.576900742	-3.96179402053	0.7312832
turn_left	395.712110399	122.484636382	-3.98420147005	0.7463819
turn_left	395.094153221	122.953442092	-4.06179856617	0.7957263
turn_left	394.231015424	123.41715125	-4.06783754344	0.7993694
turn_left	393.876262204	124.401378174	-4.09123882064	0.8132096
turn_left	391.573341143	125.717797976	-4.10492058688	0.8210957
turn_left	389.587807876	126.869770389	-4.12421778066	0.8319568
turn_left	386.671639867	126.152152778	-4.2394604923	0.8902382
turn_left	384.945383566	127.393164335	-4.3359849664	0.9299925
turn_left	385.8347459	129.083489849	-4.33981474153	0.9313934
turn_left	380.560434418	134.136110065	-4.41782877382	0.9569299
turn_left	379.686301298	135.020442204	1.53282975215	0.9992794
turn_left	379.32464749	138.860668779	1.46680605872	0.9945979
turn_left	375.929827625	143.55584012	1.451471721	0.9928893
turn_left	379.223083613	144.803280304	1.20319595452	0.9331924
turn_left	375.641398162	149.542771622	0.953060897922	0.8151922
turn_left	373.787805579	153.856450627	0.679158045485	0.6281381
turn_left	375.371411693	154.62731763	0.506699079767	0.4852937
turn_left	375.002731003	154.874343432	0.339669233947	0.3331752
turn_left	376.620568739	155.983913441	0.231490115885	0.2294281
turn_left	378.417697789	163.283105821	0.042249943469	0.04223737
turn_left	392.088155635	166.414746045	-0.278705003317	-0.2751109
turn_left	391.729655995	169.082448988	-0.354047854204	-0.3466974
turn_left	392.977752533	171.961491261	-0.515766914584	-0.4932021
turn_left	394.897456008	173.374158525	-0.838765095804	-0.7438183
turn_left	396.60263553	175.762281369	-0.958900499932	-0.8185605
turn_left	400.787028892	176.773495427	-1.27002416935	-0.955108
turn_left	405.15380304	177.557178734	-1.45284080345	-0.9930513
turn_left	402.111431928	181.312599573	-1.63649227638	-0.9978428
turn_left	407.603766441	182.483533734	-1.8931157782	-0.9485032
waggle	409.926434822	180.567973242	-1.89611204562	-0.9475499
waggle	392.924808321	180.270503792	-1.43686263268	-0.9910443
waggle	405.15830426	175.689850041	-1.62955608651	-0.9982741
waggle	403.612549735	173.622744494	-1.5629316564	-0.9999691
waggle	395.0284356	171.981949858	-1.25000771639	-0.9489871
waggle	413.0284356	167.981949858	-1.61977238422	-0.9988009
waggle	396.096549333	165.595632097	-1.25078849593	-0.949233
waggle	405.684071663	164.570231062	-1.39292329986	-0.9842223
waggle	400.433886206	167.732740325	-1.1811580288	-0.9250465
waggle	397.844445629	163.067930912	-0.956467502951	-0.8171605
waggle	406.317464912	163.573083967	-1.24889045834	-0.9486342
waggle	394.125803518	156.665185627	-0.999990027192	-0.8414656
waggle	410.002531218	160.499496968	-1.57094973865	-1
waggle	394.581219061	152.6045123	-1.12650333413	-0.9029148
waggle	402.579672552	157.569978164	-1.39279282539	-0.9841992
waggle	406.929381022	158.076529297	-1.34451731983	-0.974508
waggle	392.351370408	156.991564548	-0.942426833526	-0.808987
waggle	411.769716045	157.877225179	-1.64181468919	-0.9974793
waggle	402.450880941	154.769440414	-1.17716645832	-0.9235229
waggle	395.043384781	150.095357933	-1.09016348032	-0.8867025
waggle	414.766185989	154.008225176	-1.60559589248	-0.9993946
waggle	394.89541485	148.813805241	-1.03758717349	-0.8611803
waggle	397.576982953	148.385240397	-1.15966373633	-0.9166688
waggle	410.576982953	148.385240397	-1.65636129545	-0.9963416
waggle	392.666006333	145.976214755	-1.02634535089	-0.8554118
waggle	414.666006333	145.976214755	-1.77115152292	-0.9799959
waggle	401.799638478	146.629247461	-1.41688615093	-0.9881792
waggle	398.373677717	143.605456333	-1.07042817039	-0.877406
waggle	407.905316867	148.898570788	-1.34589501589	-0.9748161
waggle	399.047464694	141.350659532	-0.704275995199	-0.6474822
waggle	409.047464694	144.350659532	-1.31631572561	-0.9677942
waggle	399.171425702	137.001628938	-0.869339762379	-0.763903
waggle	408.786121894	136.43554113	-0.996806103359	-0.839741
waggle	410.277980045	135.695169632	-1.0312586899	-0.8579463
waggle	405.823201822	135.311303312	-0.69464566787	-0.6401133
waggle	423.304325614	135.202734992	-0.951066723575	-0.8140355
waggle	416.899313119	131.390130023	-0.79291781898	-0.7124039
waggle	404.703230953	130.429850257	-0.360753200641	-0.3529791
waggle	415.524401632	132.997075814	-0.511843794227	-0.4897856
waggle	413.194498234	132.171410857	-0.26141293378	-0.2584457
waggle	417.780732787	127.731557781	0.0952257937817	0.09508194
waggle	416.256470713	127.11483581	0.0678453996841	0.06779336
waggle	413.297220276	126.574603934	0.177801858426	0.1768665
waggle	421.3803292	122.934717641	0.574957962328	0.5437995
waggle	420.760814287	122.716586594	0.706269618228	0.6490003
waggle	419.314428044	121.577754675	0.87706717851	0.7688669
waggle	415.7998103	114.329175717	1.1910839286	0.9287713
waggle	415.296992132	115.116240876	1.22147798686	0.9396062
waggle	415.541318486	114.681551294	1.18391185191	0.9260891
turn_right	415.541318486	114.681551294	1.18391185191	0.9260891
turn_right	415.541318486	114.681551294	1.18391185191	0.9260891
turn_right	423.487062309	120.881073861	1.8038253358	0.9729714
turn_right	419.019716109	121.317213299	-4.61306569326	0.9950715
turn_right	421.607194752	122.802900459	1.54000671179	0.999526
turn_right	416.423304806	128.927961361	1.5147572764	0.9984302
turn_right	417.178412477	133.868165932	-4.47155621672	0.9711397
turn_right	416.436572615	139.517806765	-4.26231108577	0.9004132
turn_right	412.48044781	142.014645241	-4.42322498099	0.9584826
turn_right	418.176823066	145.157299523	2.15723209285	0.8329184
turn_right	419.295020691	147.691149652	-4.18966658545	0.8664633
turn_right	421.504720923	146.016823303	2.46741011023	0.6242589
turn_right	415.810910126	146.692436276	-3.94811950517	0.7218881
turn_right	412.918421636	146.029191957	-3.90705915424	0.6928734
turn_right	418.965726419	151.258999474	2.5237785079	0.5792548
turn_right	409.121572961	159.01232759	-3.14113812283	-0.0004545307
turn_right	411.787624365	161.571137564	-3.15711159687	0.01551832
turn_right	408.769364395	164.079387844	-3.04391940092	-0.09751803
turn_right	406.207149665	165.40205433	-2.83359340329	-0.3031526
turn_right	403.466288645	167.252030093	-2.73518477647	-0.3953124
turn_right	399.458364378	170.037780946	-2.65783065762	-0.4651128
turn_right	399.450372459	167.206130236	-2.68262496345	-0.4430229
turn_right	392.039342612	171.734612429	-2.56868467323	-0.542078
turn_right	392.082319243	168.819859994	-2.04074439416	-0.8915918
turn_right	386.082319243	166.819859994	-1.65799410884	-0.9962007
turn_right	379.966559888	162.521893414	-1.56415041676	-0.9999779
turn_right	383.571610053	164.167959736	-1.39145326887	-0.9839611
turn_right	374.988257609	162.451725388	-1.16468960562	-0.9186658
turn_right	368.483452481	161.829762959	-0.839385982422	-0.7442331
waggle	378.483452481	161.829762959	-1.18267170191	-0.9256204
waggle	369.547712711	160.744382987	-0.791860843698	-0.7116618
waggle	383.547712711	160.744382987	-1.12139602994	-0.9007078
waggle	380.621615923	163.117492006	-1.19149546651	-0.9289237
waggle	369.176602086	158.196278506	-0.94093580703	-0.8081097
waggle	388.793538926	157.707522136	-1.53501955634	-0.9993601
waggle	373.066030954	154.025783419	-1.09897149277	-0.8907404
waggle	389.266742664	154.369089101	-1.70968536319	-0.9903704
waggle	384.153890139	154.119133749	-1.54271160831	-0.9996057
waggle	373.593226456	152.64237238	-1.12016110208	-0.9001706
waggle	393.265712929	150.958762529	-1.57911037859	-0.9999654
waggle	377.542410576	151.057843205	-1.08659525139	-0.8850471
waggle	390.639033619	149.364897853	-1.44400138548	-0.9919723
waggle	382.603955451	146.523562434	-1.35762563089	-0.977365
waggle	383.458381573	147.017015537	-1.10123940602	-0.8917689
waggle	391.279386946	146.75030293	-1.46198464114	-0.9940858
waggle	372.763454978	147.203084624	-1.0340309422	-0.8593672
waggle	388.071269616	145.505291587	-1.43860438878	-0.9912754
waggle	381.046765272	144.53434768	-1.28477935113	-0.9593752
waggle	385.897949679	143.084750556	-1.34774672489	-0.9752274
waggle	378.620006008	141.331852735	-1.21603419684	-0.9377291
waggle	380.025534837	141.450959645	-1.11784982029	-0.8991616
waggle	382.473289124	141.844713133	-1.07442624788	-0.8793171
waggle	375.901292336	140.123145253	-1.12134755395	-0.9006867
waggle	384.517539668	139.918613987	-1.19499963657	-0.9302155
waggle	370.099369299	138.321114703	-0.930261349252	-0.8017762
waggle	388.754073537	139.747737463	-1.49653939671	-0.9972442
waggle	382.010152221	135.741856699	-1.58094258986	-0.9999485
waggle	382.421148518	137.928329955	-1.21909930304	-0.9387895
waggle	383.954012562	136.973238431	-1.23004729588	-0.9425046
waggle	382.011476925	134.899764631	-1.0893955094	-0.8863472
waggle	389.47041537	136.094174136	-1.34952994199	-0.9756203
waggle	377.341994601	132.030090964	-0.948893187596	-0.8127712
waggle	393.543544904	138.358760026	-1.49570286003	-0.9971818
waggle	382.107140943	135.913039587	-1.10885272154	-0.8951879
waggle	389.837692396	134.910197698	-1.29662614757	-0.9626502
waggle	389.30327159	129.966676758	-1.19737552716	-0.9310849
turn_left	388.087834432	126.359351036	-1.19325162985	-0.9295726
turn_left	398.320368677	128.906478918	-1.58478135661	-0.9999022
turn_left	392.915001319	132.173331484	-1.63024757228	-0.9982333
turn_left	394.960670163	127.264008624	-1.90605944989	-0.9443238
turn_left	395.978953414	123.451348947	-2.28366739614	-0.7564873
turn_left	395.725357245	121.894568024	-2.31868557425	-0.733126
turn_left	392.174490513	115.982813365	-2.67615229393	-0.4488164
turn_left	391.766247104	116.735014332	-2.75485328791	-0.3771706
turn_left	391.05027965	114.673210667	-3.02711845638	-0.1142243
turn_left	391.267333006	113.379161817	-3.26373277595	0.1218367
turn_left	387.245574319	114.400105344	-3.30081112619	0.1585466
turn_left	382.174630468	114.357041626	-3.61072205698	0.4521099
turn_left	377.869625455	111.772154477	-3.52911490539	0.3778956
turn_left	373.841877792	111.87691908	-3.68333163773	0.5156268
turn_left	370.419744487	113.150333247	-3.71338343364	0.5411388
turn_left	368.128557007	112.884008771	-3.88257523978	0.6750132
turn_left	364.387008309	112.113487623	-4.07518192478	0.8037606
turn_left	360.269346512	113.15087218	-4.18334843515	0.8632917
turn_left	355.729777716	115.09424424	-4.33856402274	0.9309374
turn_left	351.031463692	123.29010045	1.9867450327	0.9147334
turn_left	348.824172531	122.970318089	-4.3684118286	0.9414209
turn_left	345.577797457	123.729950584	-4.46516545594	0.9695956
turn_left	343.380726072	127.641446214	-4.66318601158	0.9987898
turn_left	342.840413384	127.834651324	-4.67806095147	0.9994109
turn_left	341.295929601	131.783319846	1.48224832116	0.9960822
turn_left	338.702335341	131.05274006	1.281129314	0.958339
turn_left	345.044708316	137.359465644	1.45604409861	0.9934232
turn_left	343.840735267	140.167913726	1.47259363877	0.995182
turn_left	343.639008905	145.626032608	1.1541671786	0.9144583
turn_left	340.69720627	151.141327383	0.798902179321	0.7165908
turn_left	340.710172405	154.270942733	0.584028611724	0.5513893
turn_left	344.0618229	158.085383821	0.419153725724	0.4069876
turn_left	342.449223041	159.431025176	0.357704244193	0.3501247
turn_left	345.832886817	160.027800507	0.286531012787	0.2826264
turn_left	357.176881872	161.264301454	0.0825655655059	0.08247179
turn_left	358.56316368	168.206378851	-0.209022881893	-0.2075041
turn_left	354.28566918	168.391201627	-0.319639886559	-0.3142247
turn_left	356.554518839	169.281550045	-0.472163471593	-0.4548141
turn_left	358.749419791	170.46815302	-0.441738058928	-0.4275113
turn_left	364.904321503	173.05505372	-0.616254484638	-0.5779827
turn_left	369.956888569	173.673366655	-0.787896887424	-0.7088714
turn_left	371.121107713	172.769989859	-0.85594997363	-0.755194
turn_left	375.250957745	175.9443495	-1.18674333	-0.9271537
turn_left	374.60799625	173.418470771	-1.19499656123	-0.9302144
turn_left	375.787542782	168.502481471	-1.22289758219	-0.9400912
turn_left	378.778345716	166.162420178	-1.26863173354	-0.9546946
waggle	374.028937041	167.822467319	-1.40473546852	-0.9862436
waggle	384.028937041	170.822467319	-1.52827342232	-0.999096
waggle	375.306337251	168.531883706	-1.30266376735	-0.9642673
waggle	380.402563278	169.283242015	-1.32122424621	-0.9690182
waggle	378.553693898	165.675421878	-1.25054188974	-0.9491553
waggle	375.668303348	164.228380153	-1.39829829031	-0.9851591
waggle	383.668303348	167.228380153	-1.45603423389	-0.9934221
waggle	364.668303348	159.228380153	-0.908550183691	-0.7886131
waggle	384.053715066	161.691383939	-1.57445253962	-0.9999933
waggle	372.568873837	162.553906379	-1.21723653112	-0.9381461
waggle	374.185842148	160.58657643	-1.24582060353	-0.9476585
waggle	383.888677788	159.727265416	-1.51723117443	-0.9985657
waggle	371.131418838	153.819454064	-1.14597637204	-0.911113
waggle	386.1274818	154.358912759	-1.6861645211	-0.9933525
waggle	373.189028259	156.196735708	-1.28343086462	-0.9589939
waggle	384.780592066	154.601468413	-1.73674668841	-0.9862618
waggle	370.727866853	151.738847769	-1.16416680502	-0.9184591
waggle	387.15066891	148.89725844	-1.65365239904	-0.9965694
waggle	376.405523833	146.533434987	-1.30470814972	-0.9648069
waggle	376.817696219	146.667946937	-1.32534803842	-0.9700285
waggle	386.085922283	144.230641426	-1.55361705063	-0.9998524
waggle	367.296971338	144.564415348	-1.24611040369	-0.947751
waggle	389.263951062	143.124922495	-1.77732025965	-0.9787496
waggle	371.910026204	140.745668715	-1.14348400042	-0.9100829
waggle	380.214010393	138.441006228	-1.27161595632	-0.9555784
waggle	379.042259484	141.387018362	-1.35798700047	-0.9774414
waggle	369.854163874	142.321069126	-1.1970576581	-0.9309689
waggle	387.854163874	136.321069126	-1.7677945282	-0.9806585
waggle	366.317964002	138.35577989	-0.989694391933	-0.8358583
waggle	378.452248971	137.154536234	-1.28556887339	-0.9595977
waggle	377.033533892	132.594379058	-1.14797381062	-0.9119344
waggle	374.470931495	132.915806399	-0.906320128137	-0.7872399
waggle	382.359878834	133.433875639	-1.03150605432	-0.8580734
waggle	369.829051198	129.985477769	-0.699875918666	-0.6441228
waggle	384.903829942	133.909514397	-1.32231697041	-0.9692875
waggle	372.865136839	127.538527122	-0.735195255313	-0.670732
waggle	385.071915747	131.269713794	-1.21457918434	-0.9372227
turn_right	378.427756318	126.496811787	-0.854058822914	-0.753953
turn_right	377.638415095	125.39982683	-0.509381559446	-0.4876374
turn_right	387.0490914	130.897870495	-1.01253095636	-0.8481752
turn_right	378.0490914	123.897870495	-0.461253040161	-0.4450705
turn_right	383.324482141	128.453661429	-0.634687277199	-0.5929257
turn_right	394.009155905	126.532830526	-0.327621172941	-0.3217916
turn_right	393.375431521	125.326180138	-0.45129814455	-0.4361341
turn_right	393.147431211	123.628190795	-0.184116791343	-0.1830783
turn_right	390.506858516	119.110884279	0.0323282792643	0.03232265
turn_right	389.161651124	114.503257206	0.34331005256	0.3366058
turn_right	392.035735629	114.068940046	0.408169913661	0.3969303
turn_right	392.645761942	112.332995469	0.625391271703	0.5854145
turn_right	393.479509064	110.527936764	0.620658412051	0.5815709
turn_right	393.147629753	111.303886063	0.712972535949	0.6540851
turn_right	398.991641238	110.050434791	0.807304619681	0.7224261
turn_right	398.328795412	111.285116967	0.954711571381	0.8161471
turn_right	399.334358126	111.777790246	1.06427146671	0.8744357
turn_right	402.904486338	113.789191893	1.33356730444	0.9719929
turn_right	399.255548234	117.662481152	1.41242910203	0.9874861
turn_right	409.659023882	120.173861609	1.76276172707	0.9816312
turn_right	409.262904353	122.22382746	-4.58039900298	0.991302
turn_right	401.757612156	123.168792443	-4.69119725433	0.9997755
turn_right	418.789158694	128.32155465	2.20248828868	0.8070295
turn_right	410.216892888	127.330335416	-4.32621592353	0.9263572
turn_right	411.682152637	130.460508167	-4.2784104365	0.9073
turn_right	414.585061614	144.254662467	-3.64910417489	0.4860039
turn_right	418.42482243	147.187960582	-3.60379741517	0.4459226
turn_right	415.424018343	147.735974845	-3.77224007259	0.5896678
turn_right	412.437506231	143.418809479	-3.89319963764	0.6828137
turn_right	412.263435268	142.990947066	-3.89602535584	0.6848754
turn_right	412.43411238	144.75312755	-3.8217919867	0.628948
turn_right	404.661912983	147.965372558	-3.55532881485	0.402033
turn_right	408.277586766	154.75874125	3.09050936904	0.05106107
turn_right	406.160194628	156.151706136	-3.11420101326	-0.02738822
turn_right	406.354286963	155.893104342	-3.09560214138	-0.0459743
turn_right	407.719339738	162.298683627	-2.89209403021	-0.2469181
turn_right	410.40176985	166.440657619	-2.76741194367	-0.3655101
turn_right	409.928724107	165.906037141	-2.64418398115	-0.4771498
turn_right	404.645894912	164.410018577	-2.4471659477	-0.639945
turn_right	404.819091164	163.222038018	-2.4168307431	-0.6629572
turn_right	402.175632984	161.536428627	-2.45745342367	-0.6320062
turn_right	400.051185528	158.828589612	-2.1983000804	-0.8094956
turn_right	397.084769729	159.169181951	-2.12310452552	-0.8513158
turn_right	397.612059156	158.204545694	-2.09214523124	-0.8671481
turn_right	395.467720059	158.211643363	-1.91673241791	-0.9407585
turn_right	394.430894243	157.500312149	-1.73743267065	-0.9861483
turn_right	392.586457378	151.252036898	-1.69609860428	-0.9921599
turn_right	391.819082848	151.861382094	-1.7482404528	-0.9842981
waggle	390.057800848	149.11429782	-1.64299005116	-0.9973952
waggle	383.402016731	149.407700808	-1.30307413815	-0.964376
waggle	391.738846954	153.27072572	-1.34322172946	-0.9742165
waggle	387.738846954	150.27072572	-1.25562384245	-0.9507429
waggle	391.168712831	147.449246362	-1.27272029909	-0.9559033
waggle	390.159988257	144.648021522	-1.30686206684	-0.9653711
waggle	387.302761883	143.402560174	-1.24162930535	-0.9463119
waggle	394.746686386	147.01091445	-1.52264942213	-0.9988412
waggle	381.458877589	147.608022853	-1.15679873399	-0.91552
waggle	395.008937827	143.415480025	-1.61385818659	-0.999073
waggle	383.297322813	139.633438036	-1.0593683492	-0.8720465
waggle	393.29259875	140.0806124	-1.40444496398	-0.9861955
waggle	387.750022505	138.518796113	-1.164739677	-0.9186855
waggle	381.350748559	142.840833557	-0.957700922823	-0.8178708
waggle	398.356685788	142.359769859	-1.58831368116	-0.9998466
waggle	379.281957373	135.337979095	-0.842016842246	-0.7459878
waggle	396.899627533	140.59186103	-1.52418806815	-0.998914
waggle	377.944059618	134.856273908	-0.781397831767	-0.7042725
waggle	396.316379485	140.665199718	-1.4475562737	-0.9924156
waggle	388.948709923	138.535084017	-1.00961422404	-0.8466266
waggle	387.092471161	133.497249478	-0.889225154	-0.7765838
waggle	394.092471161	137.497249478	-1.12614791523	-0.902762
waggle	381.895748306	133.472727744	-0.836205188028	-0.7421049
waggle	398.494740186	138.11261966	-1.29125432075	-0.9611819
waggle	384.993800649	131.961027509	-0.804537776138	-0.7205102
waggle	396.816734501	132.001054428	-1.52231846424	-0.9988252
waggle	391.304168551	128.718388418	-1.42537205961	-0.9894445
waggle	395.370997706	126.019317029	-1.45156853973	-0.9929008
waggle	397.540606959	128.19033963	-1.48151914391	-0.9960174
waggle	389.876081328	124.693919422	-1.4513579592	-0.9928757
waggle	405.98177135	128.439028575	-1.8186846215	-0.9694327
waggle	384.64146897	121.382877293	-1.07939971663	-0.8816747
waggle	405.92562885	122.5207314	-1.77308045558	-0.9796102
waggle	390.485285089	121.872135357	-1.21005602683	-0.9356358
waggle	396.270634873	122.17891071	-1.34543822852	-0.9747142
waggle	400.512303807	120.511745709	-1.40300877738	-0.9859567
waggle	389.736682191	118.971324017	-1.20203981167	-0.9327763
turn_left	408.549873096	116.263720958	-2.06700147512	-0.8793956
turn_left	398.834296072	113.14262445	-2.03931241152	-0.8922394
turn_left	404.334403841	108.43448541	-2.40276296104	-0.6734232
turn_left	403.454989383	102.916262901	-2.72423617686	-0.4053453
turn_left	400.04915608	104.205187555	-2.83074301546	-0.3058677
turn_left	401.462798683	100.05916558	-3.13066697613	-0.01092546
turn_left	402.204792377	97.8626127224	-3.28963050106	0.1474977
turn_left	400.514812271	96.8986160552	-3.37134735547	0.2277387
turn_left	399.222121879	94.4560358308	-3.5362563928	0.3844978
turn_left	402.080625081	95.2405818264	-3.69481854868	0.5254347
turn_left	403.138586618	94.286569921	-3.82061730739	0.6280343
turn_left	402.670481204	92.3445540341	-3.93435582905	0.7122954
turn_left	402.535659942	92.1730514013	-3.96316634412	0.7322185
turn_left	399.87151375	91.0947971616	-4.01064550694	0.7637178
turn_left	401.759203243	92.8195939567	-4.22223034734	0.8822582
turn_left	405.433020289	95.5668298381	2.1100812381	0.8580761
turn_left	401.922116408	92.0308334659	-4.22568921617	0.8838812
turn_left	402.428722048	93.8886998957	-4.27120436106	0.9042465
turn_left	398.415508233	93.846857437	-4.61484784103	0.9952466
turn_left	396.655377818	95.3868222302	1.55555762355	0.9998839
turn_left	396.310096865	96.6276629352	-4.63793764325	0.9972298
turn_left	391.889469185	98.1922549976	1.442876772	0.9918294
turn_left	396.314841119	99.4184414467	1.56938380345	0.999999
turn_left	392.21794706	102.806152762	1.49448650555	0.9970898
turn_left	394.364589189	105.136280521	-4.57843082499	0.991041
turn_left	394.177904738	112.32886248	1.42178308186	0.9889181
turn_left	395.632012455	116.480051539	1.26088325635	0.9523601
turn_left	397.038198249	118.274964759	1.33329276922	0.9719284
turn_left	393.207312195	120.056456344	1.16243478098	0.9177727
turn_left	398.992128586	126.251286218	1.28204534857	0.9586003
turn_left	402.411488267	129.693626608	1.08646659298	0.8849872
turn_left	403.126413189	134.304842861	0.698699480058	0.6432225
turn_left	401.24461789	138.020483419	0.615828959307	0.5776354
turn_left	399.214374966	140.711437714	0.370106899108	0.3617151
turn_left	402.463889436	140.949456818	0.195260459396	0.1940221
turn_left	404.52238713	144.911652617	-0.257177723257	-0.2543521
turn_left	408.52238713	153.911652617	-0.510652046602	-0.4887462
turn_left	409.396734619	151.492924343	-0.621950289322	-0.5826214
turn_left	411.335491648	153.28068241	-0.663430048301	-0.615823
turn_left	413.242464182	152.705450268	-0.882906058261	-0.7725872
turn_left	414.873720953	153.566609584	-1.01491945852	-0.8494381
turn_left	421.308201239	155.231926049	-1.04749259347	-0.8661729
turn_left	419.835438501	155.336996972	-1.16828075574	-0.9200785
turn_left	423.620371368	155.203674866	-1.10272213344	-0.8924388
turn_left	433.748726669	149.58431216	-1.26772129008	-0.9544232
turn_left	428.554231713	146.581516073	-1.16573260607	-0.9190773
turn_left	432.816969417	143.746964323	-1.45520533086	-0.9933268
turn_left	434.654407977	140.483608733	-1.57877580423	-0.9999682
turn_left	439.774764249	141.071286066	-1.79363363804	-0.9752743
turn_left	441.108884437	141.459243821	-1.80569987324	-0.9725368
waggle	439.631871844	141.811947953	-1.78641765926	-0.9768436
waggle	434.502089224	136.885638031	-1.50727061947	-0.9979829
waggle	448.502089224	133.885638031	-1.84291186702	-0.9632045
waggle	429.910666593	129.91929188	-1.15511299345	-0.9148406
waggle	444.910666593	129.91929188	-1.46080799178	-0.9939574
waggle	433.840541514	128.604231575	-1.2505811233	-0.9491677
waggle	437.91536642	123.871949322	-1.47062416894	-0.994987
waggle	443.611462096	127.578416095	-1.69969176227	-0.9917045
waggle	431.776564238	128.707128921	-1.33799394124	-0.9730237
waggle	449.020226903	127.088051772	-1.99284699512	-0.9122508
waggle	432.050802777	128.679775268	-1.26649527625	-0.9540566
waggle	438.481788664	122.872304754	-1.60318002535	-0.9994757
waggle	437.824679025	123.071598745	-1.57990151719	-0.9999585
waggle	434.213581641	120.192139505	-1.45405975246	-0.993194
waggle	450.213581641	118.192139505	-1.80154119406	-0.9734963
waggle	434.213581641	119.192139505	-1.19483298242	-0.9301543
waggle	449.964810015	115.437191246	-1.77333961075	-0.9795581
waggle	437.764549728	115.364000476	-1.21796021517	-0.9383964
waggle	440.564650981	113.501837107	-1.43369083473	-0.9906158
waggle	440.883064498	111.314822633	-1.44025025237	-0.991491
waggle	433.281040194	113.735787171	-1.22646617929	-0.9413018
waggle	448.097255858	111.99144171	-1.67037591281	-0.995046
waggle	431.097255858	113.99144171	-1.16967718288	-0.9206246
waggle	447.853435718	114.317353812	-1.62305104905	-0.998635
waggle	438.998726481	108.522984392	-1.31206310524	-0.9667149
waggle	439.5603567	106.656434277	-1.42780089735	-0.9897936
waggle	443.722192753	105.784071979	-1.5328033773	-0.9992784
waggle	439.399576669	103.969321908	-1.05005522612	-0.8674507
waggle	452.272897032	106.515547599	-1.77869157365	-0.9784675
waggle	434.272897032	102.515547599	-1.12029017697	-0.9002268
waggle	448.226353703	104.773817631	-1.45465327902	-0.993263
waggle	441.28828113	99.6924750073	-1.11134606053	-0.8962964
waggle	440.466443188	97.8278257891	-1.12005894936	-0.9001261
waggle	449.591054784	97.0874462565	-1.24775144251	-0.9482732
waggle	433.970739276	93.0969734936	-0.699271610219	-0.6436604
waggle	448.048749709	100.448214519	-0.998972306562	-0.8409153
waggle	440.169396656	99.0012054321	-0.549425731371	-0.5221976
waggle	437.379173448	99.1521315737	-0.520305057236	-0.4971448
waggle	437.379173448	99.1521315737	-0.520305057236	-0.4971448
turn_right	437.673328379	99.2049509653	-0.517451238626	-0.4946667
turn_right	437.673328379	99.2049509653	-0.517451238626	-0.4946667
turn_right	441.224493136	90.5841794259	0.0445275268251	0.04451281
turn_right	442.350803411	89.3233168263	0.00290007996193	0.002900076
turn_right	441.59238035	90.4195937775	0.0613309097928	0.06129247
turn_right	440.450759948	89.4915083418	0.0714263120226	0.07136559
turn_right	442.576441128	88.554365555	0.18702278859	0.1859344
turn_right	444.483092962	86.1018669524	0.278891280591	0.2752899
turn_right	446.738949821	93.2163000441	0.268758005048	0.2655342
turn_right	446.738949821	93.2163000441	0.268758005048	0.2655342
turn_right	451.384699791	89.9330265363	0.536372612765	0.5110214
turn_right	450.715160863	86.1781165877	0.773249835787	0.6984647
turn_right	446.49228778	86.5083308312	0.664680585853	0.6168077
turn_right	445.227610642	89.3455170095	0.832865059396	0.7398619
turn_right	448.83375774	93.8075488723	0.974255510342	0.8272839
turn_right	450.241806134	97.7749946549	1.13665996755	0.9072337
turn_right	452.79921427	99.7440198329	1.11965650474	0.8999507
turn_right	456.661203552	101.501573196	1.35556779745	0.9769276
turn_right	457.660518325	101.336178036	1.39122456597	0.9839203
turn_right	463.140305745	110.050165357	-4.63789477064	0.9972266
turn_right	473.71275578	116.01050146	-4.16370227981	0.8532102
turn_right	475.272800161	117.582790058	-4.22944402157	0.8856312
turn_right	466.02272084	115.120675688	1.66298325082	0.9957538
turn_right	465.328781671	117.578333688	-4.65739140545	0.998488
turn_right	462.006237382	118.041999796	-4.71062752403	0.9999984
turn_right	456.751776247	120.019054271	-4.2893447754	0.9118434
turn_right	459.158283389	122.853645693	-4.28639942492	0.9106303
turn_right	454.403962772	122.574095774	-4.19910997947	0.8711391
turn_right	453.942487162	124.249850422	-4.10577603317	0.8215836
turn_right	451.274909467	129.770655094	-3.92337563984	0.7045458
turn_right	448.983507636	130.345774253	-3.84770869718	0.6488834
turn_right	450.589074636	132.383080395	2.79454452847	0.3401234
turn_right	447.653501239	127.255939208	-3.4802150539	0.332188
turn_right	443.374026129	127.978370571	-3.38985204104	0.2457171
turn_right	443.280120095	129.889331754	3.13662556477	0.004967068
turn_right	440.27976906	130.163493677	-3.09827488165	-0.04330423
turn_right	433.799419433	130.103060915	-2.94130688775	-0.1989494
turn_right	431.84786742	128.241715392	-2.81092484401	-0.3246747
turn_right	427.698878397	123.747240598	-2.75573859849	-0.3763505
turn_right	423.558794452	124.07975698	-2.49833094697	-0.5998085
turn_right	421.400750736	127.655101091	-2.00643376679	-0.9066012
turn_right	420.981770135	126.102375975	-2.01076194892	-0.9047663
turn_right	421.20792901	124.613395351	-1.92347512293	-0.9384508
turn_right	419.263261588	122.756106765	-1.79171094972	-0.9756974
turn_right	418.312366312	121.042298604	-1.64468887385	-0.9972712
turn_right	416.847965285	120.599117143	-1.50359643848	-0.9977429
turn_right	408.549366415	122.770007495	-1.33254016376	-0.971751
waggle	414.849018086	126.314431421	-1.35688164764	-0.9772074
waggle	414.682888876	121.673328809	-1.26228906026	-0.9527879
waggle	402.971504122	119.758415891	-1.06740461485	-0.8759514
waggle	416.971504122	119.758415891	-1.37911331114	-0.981685
waggle	415.961296252	120.390326553	-1.22412209541	-0.9405079
waggle	408.961296252	120.390326553	-1.22412209541	-0.9405079
waggle	424.961296252	118.390326553	-1.38213698438	-0.9822565
waggle	412.53183764	115.364333855	-1.12803863221	-0.9035736
waggle	421.38801332	115.375373798	-1.29814152552	-0.9630594
waggle	412.471268834	112.469803298	-0.846310169556	-0.7488401
waggle	414.485205335	112.430514884	-0.932621951757	-0.8031847
waggle	421.302554973	114.020336319	-1.16224274061	-0.9176964
waggle	410.510443007	106.567462538	-0.766979364472	-0.6939635
waggle	427.023829186	109.734809211	-1.39326554541	-0.9842828
waggle	416.023829186	99.7348092115	-0.841970517804	-0.7459569
waggle	427.023829186	104.734809211	-1.4772872955	-0.9956312
waggle	415.334056231	101.960031461	-0.943969646882	-0.809893
waggle	416.427856645	97.5287025658	-0.907543577399	-0.7879937
waggle	422.104888436	98.7247753676	-1.48549435808	-0.996364
waggle	412.449644231	95.9425257397	-0.842986954051	-0.7466335
waggle	425.449644231	100.94252574	-1.4935321011	-0.9970166
waggle	417.449644231	93.9425257397	-0.854463922874	-0.754219
waggle	415.940522064	92.2355347059	-0.8793985775	-0.7703555
waggle	428.672646164	98.651573064	-1.52103348573	-0.9987621
waggle	418.456187573	99.2882085818	-1.11092473262	-0.8961095
waggle	431.112926963	99.2641882716	-1.59987347027	-0.9995773
waggle	418.112926963	96.2641882716	-0.934376177644	-0.8042285
waggle	430.655167219	96.5587254665	-1.46140232383	-0.9940224
waggle	427.044472729	94.2728440828	-1.29570853807	-0.9624014
waggle	426.552198143	93.5247618689	-1.29910535438	-0.9633185
waggle	439.700737901	89.6835648507	-1.71364247763	-0.9898148
waggle	420.934246312	91.8588930194	-1.10217254963	-0.8921907
waggle	438.901765268	95.7197667463	-1.61429085844	-0.9990543
waggle	423.901765268	90.7197667463	-1.1897875905	-0.92829
waggle	428.80315407	89.680256016	-1.19573928039	-0.9304867
waggle	440.80315407	87.680256016	-1.72609099566	-0.987966
waggle	421.08627833	86.6824800259	-1.10447800132	-0.8932296
waggle	435.86570519	91.4036114804	-1.74462500559	-0.9849298
waggle	425.86570519	85.4036114804	-1.19720305455	-0.9310219
waggle	437.238316108	82.9606572072	-1.75333198541	-0.9833866
waggle	433.680546247	80.9424302598	-1.90822331261	-0.9436096
waggle	426.85869675	82.4106533583	-1.83190197821	-0.9661051
waggle	435.882985307	76.4697589438	-2.51774203205	-0.5841648
waggle	423.882985307	77.4697589438	-2.09962113517	-0.8634006
waggle	433.177085378	82.2163055933	-2.56624882327	-0.5441233
waggle	431.672013918	81.3154719972	-2.58115799001	-0.5315544
waggle	431.610107466	79.8802547408	-2.71745913021	-0.4115312
turn_left	430.096606527	79.0575601049	-2.83308649561	-0.3036357
turn_left	424.845567627	72.8088505018	-3.20805088382	0.06640932
turn_left	422.0163444	72.7542650347	-3.35709804187	0.2138412
turn_left	422.851880759	72.7464649964	-3.43965545301	0.293669
turn_left	421.07239757	72.6057347341	-3.43746392916	0.2915734
turn_left	414.399215689	71.8893727852	-3.65961780657	0.4951654
turn_left	415.058142661	74.412061804	-3.82503247663	0.631464
turn_left	418.17406413	80.5744878058	-3.81357178021	0.6225361
turn_left	412.421476444	82.3635054961	2.29649381553	0.7480367
turn_left	402.986457592	84.2740265765	2.15436737709	0.8345003
turn_left	403.887186647	83.3639912909	-4.03781459326	0.7809728
turn_left	401.515917028	84.2327419657	-4.20007530259	0.8716127
turn_left	399.068709031	84.9604302503	-4.36598221041	0.9405988
turn_left	394.055300151	88.7998973376	-4.69254313992	0.9998031
turn_left	397.004604103	89.9361356361	1.56325076486	0.9999715
turn_left	398.231908741	94.8570630298	1.47714299484	0.9956177
turn_left	400.390654699	102.558948913	1.29744247784	0.9628709
turn_left	401.005956487	105.645601177	1.18609144055	0.9269092
turn_left	403.966042915	108.928564149	0.947876137451	0.8121783
turn_left	405.421492191	112.394463192	0.774551233689	0.6993954
turn_left	406.994133956	115.648482484	0.553528919508	0.5256925
turn_left	409.881061814	115.727198562	0.518594551097	0.49566
turn_left	410.430023881	119.822271644	0.344768337045	0.3379787
turn_left	410.883899408	123.901225918	0.153943280881	0.153336
turn_left	417.704622342	127.198959156	-0.0494950330069	-0.04947483
turn_left	422.369995345	130.05645038	-0.288761242644	-0.284765
turn_left	420.751464677	130.874275669	-0.44060179706	-0.4264839
turn_left	424.323592575	134.997896039	-0.588034674386	-0.5547269
turn_left	427.403795364	136.674388233	-0.770553351576	-0.6965324
turn_left	427.513966326	136.911939057	-0.895710481975	-0.7806533
turn_left	427.383836264	136.704880628	-1.01272637899	-0.8482787
turn_left	427.496580734	137.410435556	-1.04668896856	-0.865771
turn_left	426.510563549	136.957777581	-1.18192685468	-0.9253383
turn_left	426.564611166	137.116043957	-1.45377895001	-0.9931613
turn_left	429.660394104	133.494591658	-1.74619168091	-0.9846576
turn_left	426.322801389	133.674055569	-1.61933865375	-0.9988221
turn_left	426.428106705	132.904937792	-1.58383982492	-0.9999149
turn_left	426.433799336	125.702277614	-1.37337796948	-0.9805762
turn_left	425.391030372	125.382911418	-1.35147492836	-0.9760453
turn_left	442.309802686	130.432553835	-1.73138813057	-0.9871328
turn_left	438.202136267	125.915775967	-1.48335588871	-0.9961795
turn_left	436.942836446	122.21317015	-1.3708652981	-0.9800803
waggle	441.055509612	121.573650801	-1.33493819843	-0.9723142
waggle	439.755153506	116.69057552	-1.20755151496	-0.9347488
waggle	443.200699765	116.538300518	-1.20095297494	-0.932384
waggle	446.73653615	116.416975012	-1.56152523792	-0.999957
waggle	434.410740126	112.382179476	-1.03709402986	-0.8609295
waggle	446.023818831	114.334533047	-1.623699777	-0.9986009
waggle	437.382424015	110.744647693	-1.43444828355	-0.990719
waggle	446.382424015	111.744647693	-1.51038768344	-0.998176
waggle	441.304404114	106.417551205	-1.26780039323	-0.9544468
waggle	439.208022156	106.41662729	-1.34175700334	-0.973885
waggle	449.875064175	107.730583849	-1.59176262701	-0.9997802
waggle	435.595252202	104.116150601	-1.16804212591	-0.919985
waggle	450.120583727	103.049173984	-1.57509531201	-0.9999908
waggle	440.067632567	99.332349974	-1.08414298198	-0.8839029
waggle	439.467787525	99.1336155408	-1.06340343901	-0.8740143
waggle	449.467787525	100.133615541	-1.549624166	-0.9997759
waggle	434.467787525	100.133615541	-1.01725698322	-0.8506692
waggle	457.412618972	97.1457153282	-1.59030697508	-0.9998097
waggle	439.151878835	90.5104721152	-1.22436150816	-0.9405892
waggle	446.151878835	93.5104721152	-1.57858064724	-0.9999697
waggle	450.356877407	93.1043367713	-1.66440522229	-0.9956219
waggle	443.229891906	88.5589878866	-1.57675833966	-0.9999822
waggle	449.156090255	91.0973582703	-1.7265642022	-0.9878927
waggle	442.324366959	89.3330098941	-1.39837705664	-0.9851726
waggle	450.682138101	84.8153901973	-1.69725526233	-0.9920147
waggle	439.410955601	83.6073485768	-1.20426870028	-0.9335774
waggle	456.842112852	83.4357577155	-1.75454299097	-0.983166
waggle	440.085722469	78.4711292685	-1.30432355298	-0.9647057
waggle	451.833564377	83.0588458612	-1.51078790185	-0.9982
waggle	446.839461493	81.8630256098	-1.43911770917	-0.9913429
waggle	438.134234008	82.0000255934	-1.30593556174	-0.965129
waggle	457.00893401	80.0189106362	-1.76838987835	-0.9805418
waggle	437.98570294	74.1484250963	-1.1632861874	-0.9181105
waggle	454.992824232	77.6323600003	-1.65594017719	-0.9963775
waggle	439.770826209	73.9276915251	-1.19167662402	-0.9289908
waggle	451.36008319	76.9855928344	-1.5846524719	-0.999904
waggle	441.36008319	72.9855928344	-1.33018241978	-0.9711919
waggle	451.819698891	72.0412902832	-1.87085962962	-0.9553178
waggle	454.063853421	72.606284446	-2.14940853811	-0.8372224
waggle	451.712790853	73.9214457365	-2.07211686008	-0.8769487
waggle	452.436464969	74.7954462542	-2.49094866779	-0.6056989
waggle	449.274509339	77.230901335	-2.45064978731	-0.6372641
waggle	448.174290401	77.0678561991	-2.49153196596	-0.6052347
waggle	447.975113877	72.9251124783	-2.66402775085	-0.4596179
turn_left	445.251045585	74.1800032083	-2.66958261622	-0.4546775
turn_left	445.802255991	68.2603868541	-2.87069292399	-0.2675985
turn_left	444.319640527	71.4071275731	-2.9693774779	-0.1713652
turn_left	441.802426744	72.3197437327	-2.97549391044	-0.1653361
turn_left	440.407989843	65.5972565467	-3.18956081183	0.04794977
turn_left	438.229549035	62.0268998576	-3.33127665291	0.1885486
turn_left	435.58274959	62.0026073111	-3.40981325155	0.2650161
turn_left	433.119431229	62.8778602093	-3.63027487762	0.4694628
turn_left	434.418338832	66.9226944726	-3.67979909896	0.5125968
turn_left	429.911136328	65.3725048374	-3.77226859361	0.5896908
turn_left	427.401505245	70.2518638376	-3.6535685634	0.4899008
turn_left	423.755541456	77.5316097754	2.84545779996	0.2918255
turn_left	420.172258999	73.782649047	2.41297926879	0.6658357
turn_left	412.282163024	75.1341866149	-3.86332778238	0.6606882
turn_left	414.16659135	75.0500200971	2.39291521704	0.6806705
turn_left	413.959127921	71.4813716008	-3.82336555622	0.6301706
turn_left	408.029538387	76.0344300261	-3.79170340633	0.6052746
turn_left	403.703946349	76.8584284688	2.43404972476	0.6499685
turn_left	401.317813953	81.349878243	-4.11210069784	0.8251728
turn_left	404.044001444	82.6185720083	2.40445191763	0.6721737
turn_left	401.549362462	86.3735798404	2.11035454488	0.8579357
turn_left	396.212811518	86.1307523585	1.62884580445	0.9983156
turn_left	396.44513132	84.2915730657	1.54636670452	0.9997016
turn_left	393.377564968	90.1167917636	1.41210319804	0.9874346
turn_left	391.463403567	91.5343136337	1.19911840648	0.9317193
turn_left	393.000886057	92.7475246672	1.06103747738	0.8728622
turn_left	386.797809411	102.294123073	0.633943258329	0.5923264
turn_left	386.797809411	101.294123073	0.447874966498	0.4330511
turn_left	388.251040868	98.2351964019	0.444262741314	0.4297923
