turn_left	539.0	167.0	0.447519975157	0.4327311
turn_left	540.829600945	167.861570518	0.178982374788	0.1780283
turn_left	541.467270397	169.314942526	0.153097723689	0.1525004
turn_left	544.41952516	169.033527243	0.116351692679	0.1160893
turn_left	548.089319559	166.721370483	0.0375677976815	0.03755896
turn_left	552.890062858	165.266307958	-0.0193332410651	-0.01933204
turn_left	559.747188905	165.672347896	-0.195241795306	-0.1940037
turn_left	564.382991838	168.301195719	-0.40749056127	-0.3963066
turn_left	564.917356128	165.448154847	-0.43137668206	-0.4181218
turn_left	570.815404885	165.281399763	-0.71021121708	-0.6519939
turn_left	576.582158412	164.474066004	-0.962775297304	-0.8207801
turn_left	576.909357164	162.32550817	-1.1486224541	-0.9122004
turn_left	578.261174932	161.185604707	-1.27749282086	-0.957294
turn_left	580.180567711	160.284421802	-1.48152185858	-0.9960177
turn_left	582.116969457	156.819272392	-1.67479954547	-0.9945965
waggle	581.926703873	154.347409483	-1.84981590051	-0.9613259
waggle	584.956030634	157.117302759	-1.66724022852	-0.9953529
waggle	584.504549163	155.48214537	-2.08268110219	-0.8718229
waggle	582.401321025	157.714304074	-2.03812734018	-0.8927739
waggle	592.401321025	151.714304074	-2.30596102024	-0.7417203
waggle	583.174826001	155.731091319	-2.11495308211	-0.8555641
waggle	590.174826001	153.731091319	-2.23783519469	-0.785657
waggle	579.250624069	154.098567221	-2.05426728672	-0.8853868
waggle	583.072978768	146.500029575	-2.18223858646	-0.8188209
waggle	575.026405684	148.320937444	-2.10141415291	-0.8624946
waggle	578.872888522	146.178749604	-2.14201537019	-0.8412425
waggle	579.310106625	145.855083254	-2.09836797065	-0.8640321
waggle	575.275572926	145.455234692	-2.03781256518	-0.8929156
waggle	584.297971661	141.963670888	-2.14119333428	-0.8416867
waggle	571.613905103	141.69229146	-1.74449898738	-0.9849516
waggle	584.884136573	137.864794894	-2.24020788328	-0.7841869
waggle	565.884136573	138.864794894	-1.6958109034	-0.9921958
waggle	585.597346586	134.318837386	-2.50694294198	-0.5928955
waggle	574.121941697	136.214295238	-2.05660935325	-0.8842956
waggle	583.028758524	132.871140336	-2.36058495312	-0.7039954
waggle	567.194238537	135.421095519	-1.741903976	-0.9853968
turn_right	573.247177064	128.271516064	-1.86095696439	-0.9581979
turn_right	568.56291843	129.53367405	-1.66037677276	-0.9959904
turn_right	563.853895737	127.872904882	-1.45245996029	-0.9930064
turn_right	567.709216173	126.948391232	-1.39350945651	-0.9843258
turn_right	567.264157623	126.051428194	-1.20259088411	-0.9329748
turn_right	563.374406581	123.719792306	-0.889082920466	-0.7764942
turn_right	564.5239981	123.576935641	-0.695080087811	-0.6404469
turn_right	563.712500533	116.565086336	-0.263998152915	-0.2609423
turn_right	564.832754143	114.716509316	-0.290174796255	-0.2861197
turn_right	565.139492742	113.319842795	-0.262367818742	-0.2593681
turn_right	567.942199779	110.049421115	-0.0201934075052	-0.02019204
turn_right	569.686962587	107.210398231	0.00650056488372	0.006500519
turn_right	576.481816737	104.483117336	0.152965087745	0.1523693
turn_right	576.912691457	105.842534041	0.260807611728	0.2578609
turn_right	578.333303777	104.94133563	0.305582664835	0.3008489
turn_right	582.449288128	103.950600869	0.411944456128	0.4003919
turn_right	590.11034851	106.118782856	0.546433141608	0.5196431
turn_right	593.067341199	106.154959244	0.659073562454	0.6123847
turn_right	598.42110446	105.091891418	0.999417490561	0.8411561
turn_right	601.906891035	105.331109576	1.0824879376	0.8831277
turn_right	606.247211144	109.829603341	1.19010016405	0.9284062
turn_right	607.947087247	113.44253827	1.43011438173	0.9901206
turn_right	610.13220928	115.288486928	1.53067608591	0.9991953
turn_right	616.575273753	121.766463099	-4.54383729339	0.9858288
turn_right	619.849496586	127.626996051	2.23839569756	0.7853102
turn_right	617.162630699	127.103052624	-4.0609280929	0.7951988
turn_right	616.82445914	129.618594966	-3.98903487741	0.7495899
turn_right	617.982778862	138.597018474	2.52681111947	0.5767801
turn_right	615.798072284	142.552214894	-3.55643361669	0.4030444
turn_right	617.580364453	143.662561417	-3.53339605319	0.3818558
turn_right	615.686702142	147.090269417	-3.39556310832	0.251249
turn_right	614.24955718	148.341878988	3.07850888858	0.06304193
turn_right	611.962005544	146.345424635	-3.17852245333	0.03692141
turn_right	604.161150573	151.349349523	-2.82119123621	-0.3149476
turn_right	601.390587563	153.243173151	-2.69847257775	-0.4287603
turn_right	598.495871636	156.078268372	-2.56013754164	-0.5492405
turn_right	595.005761665	153.431173661	-2.56182741907	-0.5478275
turn_right	589.286299865	153.753628374	-2.49347706108	-0.6036852
turn_right	585.03786007	155.855493828	-2.36204213423	-0.7029598
turn_right	583.695167312	155.749216992	-2.20820150825	-0.8036427
turn_right	574.855266944	158.813715242	-1.91318871538	-0.9419541
waggle	580.818526045	156.363344954	-2.10351199208	-0.861431
waggle	580.487170573	156.167595082	-2.16497577603	-0.8286081
waggle	574.311668261	154.699691323	-2.05867576362	-0.8833289
waggle	577.684803822	150.173496261	-2.33149447813	-0.7243549
waggle	573.906807364	152.046935547	-2.23230385444	-0.789067
waggle	581.803240018	145.734273544	-2.64532639849	-0.4761455
waggle	568.402482413	153.052136432	-2.0791706082	-0.873537
waggle	582.797263866	140.505181548	-2.51826172777	-0.5837429
waggle	565.713542115	148.910586294	-1.91193186251	-0.9423754
waggle	573.452209057	140.710933749	-1.91191476494	-0.9423811
waggle	562.462350962	143.730028477	-1.49788836032	-0.9973434
waggle	574.639995266	139.802004946	-2.0427937093	-0.8906619
waggle	559.639995266	138.802004946	-1.63386731469	-0.9980117
waggle	572.583881682	135.858971507	-2.13042408625	-0.8474528
waggle	557.583881682	132.858971507	-1.75002906488	-0.9839808
waggle	564.557079233	127.285438629	-2.21196725012	-0.8013959
waggle	556.375673471	128.28069554	-1.9658596777	-0.9229722
waggle	562.452159473	123.332394146	-2.63930677379	-0.4814303
turn_left	561.428755024	121.391998074	-2.68901350796	-0.4372865
turn_left	560.472565092	121.195577329	-2.76871238824	-0.3642993
turn_left	560.566863937	120.974752447	-2.99494964965	-0.146118
turn_left	558.449742856	119.455718364	-3.16680730136	0.02521198
turn_left	558.353303395	115.699750856	-3.3512018793	0.2080777
turn_left	558.51348354	115.907551883	-3.49029199116	0.3416757
turn_left	558.514698278	116.48553344	-3.69742826066	0.5276533
turn_left	555.112885989	115.802701455	-3.9775658428	0.7419493
turn_left	555.496684692	116.366924546	-4.02298101926	0.7716227
turn_left	554.056939431	118.061149845	-4.19973988033	0.8714482
turn_left	550.926739988	118.645159126	-4.40284283034	0.9524719
turn_left	549.007814605	119.098114289	-4.55352344322	0.9874074
turn_left	550.110218207	122.907222697	-4.48089161173	0.9733239
turn_left	543.882138625	125.734674437	1.56550288191	0.999986
turn_left	545.01299535	125.584119608	1.49901731568	0.997425
turn_left	545.362556845	127.165763881	1.40488800635	0.9862688
turn_left	544.975640159	129.674964145	1.33265394178	0.9717779
turn_left	542.50681338	132.808690897	1.01789487809	0.8510044
turn_left	542.342717936	137.354510671	0.882863443758	0.7725602
turn_left	545.505570321	141.306818681	0.67705086824	0.6264971
turn_left	544.174529331	143.109169946	0.642828917541	0.5994621
turn_left	544.283409902	145.566761336	0.463082002856	0.4467076
turn_left	544.246834998	146.562440872	0.263515601578	0.2604764
turn_left	545.420285159	146.830881887	0.176714837005	0.1757965
turn_left	547.774553417	149.590951481	-0.0895130642871	-0.08939357
turn_left	550.105009493	151.850740631	-0.119612485311	-0.1193275
turn_left	553.519761986	153.232029312	-0.310338939603	-0.3053814
turn_left	557.556192283	153.56731853	-0.449525505256	-0.4345382
turn_left	562.228960418	152.257946455	-0.519686188184	-0.4966078
turn_left	567.203777515	151.608035922	-0.700363101146	-0.6444954
turn_left	571.996493486	152.556306308	-0.904454498685	-0.7860881
turn_left	580.71645638	153.836298569	-1.27424168609	-0.956349
turn_left	583.015050632	152.799249796	-1.39212200118	-0.9840802
turn_left	584.994488813	149.667447876	-1.56246195607	-0.9999653
turn_left	587.667562202	144.588031061	-1.78379406842	-0.9774016
turn_left	589.504774289	142.637823349	-1.79173713765	-0.9756917
turn_left	588.499053972	140.35375162	-1.81940467959	-0.9692558
turn_left	589.417381603	138.715818123	-1.9304659832	-0.9360131
turn_left	591.928243403	135.160050047	-2.11234101722	-0.8569135
turn_left	591.594937343	131.650370039	-2.23760330652	-0.7858005
turn_left	591.181442713	131.1814714	-2.31308627206	-0.7369225
waggle	592.871426054	130.245348447	-2.36482012741	-0.7009813
waggle	584.030487559	134.357005864	-2.18098708092	-0.8195387
waggle	593.030487559	125.357005864	-2.59128250245	-0.5229516
waggle	584.570597309	131.28152572	-2.27766783295	-0.7603974
waggle	590.570597309	120.28152572	-2.63223661456	-0.4876151
waggle	575.119492713	125.929101125	-2.09050607862	-0.8679634
waggle	583.119492713	118.929101125	-2.44209627408	-0.6438324
waggle	577.119492713	120.929101125	-2.33822453386	-0.7196986
waggle	579.966207257	118.20756767	-2.30717027949	-0.7409087
waggle	579.386171875	120.13219853	-2.31758210186	-0.733876
waggle	576.273510738	118.711487336	-2.2334981923	-0.7883328
waggle	575.344735999	116.749359675	-2.17716434328	-0.8217233
waggle	570.115014538	117.861943763	-2.06502820218	-0.8803333
waggle	576.115014538	114.861943763	-2.49136955479	-0.605364
waggle	570.200945649	119.625766781	-1.84473589285	-0.9627126
waggle	579.200945649	112.625766781	-2.48739734088	-0.6085209
waggle	567.396725544	119.901128805	-1.81413893554	-0.970538
waggle	575.396725544	111.901128805	-2.18739005293	-0.8158529
waggle	566.396725544	113.901128805	-1.88514897927	-0.9509967
waggle	570.720832294	109.505661576	-1.79970097455	-0.9739155
turn_right	565.48129828	109.192329357	-1.44211087918	-0.9917314
turn_right	565.326753406	108.194983774	-1.37382500057	-0.9806638
turn_right	564.055897486	108.219477457	-1.19564040779	-0.9304505
turn_right	563.046282406	106.56532563	-1.00224151517	-0.84268
turn_right	560.863445966	104.668410103	-0.869065512743	-0.763726
turn_right	565.760291652	101.838161757	-0.752874972783	-0.6837395
turn_right	565.376360384	99.6768358888	-0.498939532821	-0.4784946
turn_right	566.347691379	98.2143237449	-0.347407952397	-0.3404618
turn_right	569.2921486	98.2373165643	-0.26922860169	-0.2659879
turn_right	569.704538438	97.9100375791	-0.0773628664955	-0.07728572
turn_right	570.473116107	97.535312669	0.0828360659558	0.08274136
turn_right	572.799756453	97.8234082398	0.171366834924	0.1705293
turn_right	578.688868404	98.8809371619	0.461031643008	0.4448723
turn_right	582.013923111	106.058566298	0.43733263834	0.4235247
turn_right	580.973687867	103.35330608	0.638921385048	0.5963299
turn_right	581.71581419	103.970162645	0.768275182721	0.6948959
turn_right	585.188881203	103.946873267	0.93534955297	0.8048066
turn_right	590.993588231	112.139006546	1.04022502591	0.8625181
turn_right	593.047741398	111.781547992	1.08706777907	0.885267
turn_right	593.039855202	112.431013577	1.17730501792	0.9235761
turn_right	594.666232917	113.301076301	1.23453067787	0.9439934
turn_right	598.425359143	114.553615856	1.51343576671	0.9983553
turn_right	603.094015101	115.936828255	-4.54047075313	0.9852584
turn_right	602.78073285	116.000193762	-4.54248350408	0.9856008
turn_right	603.226041736	115.90744213	-4.48672771139	0.9746464
turn_right	604.798372824	116.000253858	-4.37252309771	0.9427994
turn_right	606.145491557	116.470028835	-4.17209265955	0.8575563
turn_right	605.566047364	116.83618842	-4.15862972151	0.8505536
turn_right	605.401079373	117.306046356	-4.10531541711	0.821321
turn_right	605.350921003	118.519607643	-4.04534136829	0.7856516
turn_right	605.151838531	122.675435453	-3.99774290391	0.7553252
turn_right	604.21828891	128.424057017	-3.80407668522	0.6150773
turn_right	604.500051973	129.293691148	-3.67029115277	0.50441
turn_right	604.860282441	130.916991222	-3.64665585338	0.4838628
turn_right	603.883700161	132.083455468	-3.56163129021	0.4077957
turn_right	603.73455352	133.556322799	-3.5706104867	0.4159778
turn_right	603.670257131	142.184582124	-3.29900332803	0.1567614
turn_right	597.618393696	145.675443362	-3.03013713756	-0.1112249
turn_right	590.589651673	149.786005183	-2.69010087171	-0.4363083
turn_right	591.689070605	152.430635527	-2.5678153726	-0.5428083
turn_right	585.497279854	157.483289502	-2.33173452716	-0.7241893
turn_right	581.311261567	157.647576334	-2.23561870809	-0.7870264
turn_right	580.903174349	156.382746235	-2.3167892513	-0.7344144
turn_right	577.230923727	154.809256477	-2.4902955759	-0.6062185
turn_right	575.544721947	149.470428148	-2.49764455903	-0.6003575
turn_right	574.781868293	156.116799841	-2.24160831687	-0.7833172
waggle	577.71204592	152.572399927	-2.38978080598	-0.6829633
waggle	571.731478448	154.083652449	-2.09353087834	-0.8664572
waggle	575.612187699	147.531278153	-2.28696463311	-0.7543268
waggle	561.935091011	148.006532555	-1.98302996848	-0.9162282
waggle	569.63457648	145.131268229	-2.2500915701	-0.7780157
waggle	566.611117101	145.060588876	-2.20454753815	-0.8058118
waggle	569.999390851	139.909785972	-2.30304384735	-0.7436737
waggle	556.378666219	140.536913599	-1.96765170422	-0.922281
waggle	565.20611471	137.038401063	-2.19035261144	-0.8141362
waggle	551.921166147	139.13303179	-1.76847995207	-0.9805241
waggle	564.379232956	130.192786522	-2.12628066841	-0.8496451
waggle	548.379232956	136.192786522	-1.74156784916	-0.9854539
waggle	561.379232956	125.192786522	-2.33332787269	-0.7230897
waggle	549.674053713	129.011476385	-2.16761142062	-0.8271298
waggle	558.2206744	122.435999962	-2.59788574657	-0.5173119
turn_left	557.794863805	119.595525252	-2.77846209937	-0.3552024
turn_left	553.958481582	114.88011313	-2.9413196394	-0.1989369
turn_left	552.13348806	114.598936596	-3.20762759646	0.06598696
turn_left	548.811915079	113.063339068	-3.33901303283	0.1961405
turn_left	548.839422592	112.144044203	-3.45863920278	0.3117617
turn_left	550.210881816	111.160021844	-3.63525265884	0.4738521
turn_left	547.747174924	111.288520961	-3.81127845636	0.6207397
turn_left	549.348991221	116.440746165	-4.0378293828	0.7809821
turn_left	547.391757559	115.378869036	-4.27768332286	0.906994
turn_left	546.809636582	118.332812264	-4.34028170074	0.9315633
turn_left	551.418189846	128.307345977	1.79561683936	0.9748341
turn_left	551.001665727	128.672037729	-4.51101810745	0.9797933
turn_left	545.499316059	127.977591415	1.52269644067	0.9988434
turn_left	543.031853707	129.983273256	1.39502059622	0.9845912
turn_left	539.118439153	134.996872359	1.16505728677	0.918811
turn_left	538.660582833	136.370090844	1.06767819055	0.8760834
turn_left	536.733183696	139.152499028	0.964169272799	0.8215756
turn_left	538.651984422	141.23879783	0.791692930824	0.7115438
turn_left	538.670889688	143.300442393	0.732386208065	0.6686459
turn_left	539.699869781	144.901175733	0.618856143603	0.5801038
turn_left	541.023984922	144.779836539	0.626890272	0.5866292
turn_left	541.747587088	147.939745291	0.45606017455	0.4404144
turn_left	544.950328205	148.087509958	0.339772474232	0.3332726
turn_left	548.792550318	150.803566746	0.120904418614	0.1206101
turn_left	549.644385614	150.17058568	0.0519316112025	0.05190827
turn_left	553.757965848	150.944872639	-0.107644871945	-0.1074371
turn_left	557.246703968	150.618732905	-0.176264207184	-0.1753529
turn_left	560.35943867	151.650812801	-0.344848693725	-0.3380543
turn_left	561.917495028	154.708053907	-0.406734211217	-0.3956121
turn_left	571.341011545	160.961751267	-0.819117585592	-0.7305435
turn_left	570.483276386	157.6458959	-0.893221578896	-0.7790954
turn_left	571.731053973	157.528508543	-1.03898995793	-0.8618925
turn_left	572.402904265	158.178818561	-1.06631559475	-0.8754256
turn_left	575.551461259	158.139827734	-1.22157287551	-0.9396387
turn_left	580.49514389	152.669838095	-1.39869567689	-0.9852272
turn_left	582.807693375	152.755827822	-1.48037350545	-0.9959146
turn_left	581.818027038	149.34753196	-1.68875689827	-0.9930507
turn_left	582.520391146	147.929985614	-1.78380284372	-0.9773998
turn_left	584.429261728	144.768338644	-1.89646178174	-0.947438
turn_left	583.232712745	144.801472721	-1.83471962547	-0.9653739
turn_left	583.074803964	146.013962605	-1.78577435331	-0.9769811
turn_left	577.495918139	150.291953239	-1.69405032655	-0.9924138
waggle	589.325165316	142.904958477	-2.17630970973	-0.82221
waggle	573.866960725	146.931485253	-1.69516233719	-0.9922765
waggle	585.033158011	141.567342985	-2.17545779225	-0.8226946
waggle	574.601904698	142.169053201	-1.92412955183	-0.9382245
waggle	585.912385864	136.124459698	-2.39708620091	-0.6776089
waggle	570.02438678	140.334750725	-1.87753419482	-0.9533236
waggle	585.656243525	132.220103293	-2.48271135015	-0.6122327
waggle	572.603893412	139.847582178	-1.93349991604	-0.934941
waggle	575.603893412	135.847582178	-2.12816971316	-0.8486474
waggle	571.603893412	137.847582178	-2.00532565309	-0.9070683
waggle	578.194013514	131.582353609	-2.04926427042	-0.8877014
waggle	568.051103604	126.837414234	-1.89571969057	-0.9476752
waggle	568.778304363	125.147250699	-1.91329686011	-0.9419178
waggle	565.41448968	122.860496199	-2.04278014061	-0.8906681
waggle	564.927824131	125.103778988	-1.97794415443	-0.918254
waggle	563.309160438	124.092625992	-2.00493132428	-0.9072342
waggle	559.961381993	123.558963758	-2.05073602758	-0.8870228
waggle	562.380040606	120.468742292	-2.05513342732	-0.8849838
turn_right	551.990671794	120.739067843	-1.60302846827	-0.9994806
turn_right	556.421913075	119.480061194	-1.51663834041	-0.9985338
turn_right	548.384990229	120.398748296	-1.09752921199	-0.8900839
turn_right	552.206827916	113.586412366	-1.1652989031	-0.9189063
turn_right	553.383078739	113.979425856	-1.0057528444	-0.8445653
turn_right	552.809069611	111.480036256	-0.846326885893	-0.7488511
turn_right	551.659909329	106.368075297	-0.331139033134	-0.3251204
turn_right	553.672333482	105.060042448	-0.462187176327	-0.4459069
turn_right	557.523974445	101.416381705	-0.364195671065	-0.3561978
turn_right	560.185750477	100.372518192	-0.211693607003	-0.210116
turn_right	560.90309864	104.260929886	-0.0498727149271	-0.04985204
turn_right	563.54126058	107.889399142	-0.0128295186087	-0.01282917
turn_right	563.694635417	111.215307277	0.148460467682	0.1479157
turn_right	565.581694352	108.479691055	0.271550272484	0.2682252
turn_right	572.420036473	105.882827175	0.424753319582	0.412096
turn_right	576.562856587	109.719392662	0.466662338836	0.449908
turn_right	584.177505127	114.647522093	0.61699980222	0.5785908
turn_right	588.508522195	115.822380484	0.617235508994	0.578783
turn_right	597.48043773	122.363507942	0.576556958805	0.5451407
turn_right	602.851863631	125.138885905	0.72176345776	0.6607094
turn_right	603.452153594	125.008850837	0.847884148249	0.7498823
turn_right	605.943398158	125.541575385	1.1086539414	0.8950993
turn_right	607.957329084	129.856809346	1.23035787603	0.9426084
turn_right	608.997869002	135.424065119	1.34690486495	0.9750408
turn_right	608.936451308	138.741436564	1.52936492133	0.9991418
turn_right	610.680675176	139.102192983	-4.55964986534	0.988358
turn_right	615.359711684	143.275698072	-4.3430486099	0.9325657
turn_right	613.154866472	147.421110133	-4.22341275801	0.8828142
turn_right	612.291551388	150.900600882	-4.02382362238	0.7721584
turn_right	612.058270991	152.307461185	-3.96294865166	0.7320702
turn_right	612.996275347	156.845908734	-3.73573433432	0.5597977
turn_right	611.622905754	160.166338594	-3.54808406252	0.3953891
turn_right	608.045884375	162.854054994	-3.24021299488	0.09846056
turn_right	606.974106574	165.144651042	-3.12982835599	-0.01176403
turn_right	606.149521904	169.659325993	-2.88040258323	-0.2582304
turn_right	604.40915125	170.370761872	-2.60362878193	-0.5123885
turn_right	601.763833018	172.373653759	-2.44998706981	-0.6377747
turn_right	601.763833018	172.373653759	-2.44998706981	-0.6377747
turn_right	594.200189523	174.442613691	-2.2623230334	-0.7702733
waggle	599.998592236	170.059796264	-2.61441076871	-0.5030998
waggle	598.681885467	171.935100282	-2.34243877329	-0.7167663
waggle	598.897857654	165.596288111	-2.506909337	-0.5929225
waggle	591.027593546	170.303648295	-2.26950113834	-0.7656759
waggle	595.583866094	168.565159654	-2.40294492067	-0.6732887
waggle	592.97891668	168.932442991	-2.40742509267	-0.6699694
waggle	590.616980796	168.096851196	-2.09222573173	-0.8671081
waggle	592.699364532	165.702689996	-2.37969549867	-0.6902953
waggle	592.710085364	163.773782309	-2.20889434289	-0.8032302
waggle	593.168905792	161.756258878	-2.16194506193	-0.830301
waggle	584.410496891	163.611445835	-2.07762625617	-0.8742877
waggle	591.028048293	155.87570901	-2.36043745472	-0.7041002
waggle	575.028048293	163.87570901	-1.73726720926	-0.9861757
waggle	590.86730654	154.484028	-2.43206697215	-0.651474
waggle	576.291827993	159.045944133	-1.837184135	-0.9647281
waggle	583.992044747	150.485338613	-2.28794886441	-0.7536803
waggle	574.325640175	150.955271532	-1.90844007759	-0.9435378
waggle	579.447729125	147.904506319	-2.4560062254	-0.633127
waggle	573.64518597	150.294284996	-2.34142299203	-0.7174743
waggle	581.998508476	145.664956269	-2.83617548923	-0.3006911
waggle	579.368733696	143.307483137	-2.83852246645	-0.2984519
waggle	579.955599973	140.385598007	-3.13713126904	-0.00446137
waggle	581.636088545	140.194636954	-3.28858978347	0.1464683
waggle	579.92127434	139.369402518	-3.51206859876	0.3620591
turn_left	580.389041424	143.43900559	-3.60345175844	0.4456132
turn_left	579.258482322	141.764139454	-3.78404109797	0.5991575
turn_left	575.85773206	142.737322796	-4.0060104143	0.7607175
turn_left	574.456807065	143.299558558	-4.20486432948	0.8739502
turn_left	574.497278513	145.9708818	-4.30370021711	0.9176427
turn_left	569.709163763	149.716293392	-4.58194162622	0.9915038
turn_left	568.990211137	149.821678198	1.5066775464	0.9979451
turn_left	569.073102834	152.224924811	1.33457249388	0.9722287
turn_left	571.081140784	157.881866425	1.38385549797	0.9825774
turn_left	570.23417796	159.197261763	1.26245804367	0.9528392
turn_left	570.877109473	161.22360011	1.13828039463	0.9079141
turn_left	573.517467478	161.969175965	1.00284791989	0.8430063
turn_left	570.332665083	162.95257054	0.76641641804	0.6935581
turn_left	571.600618599	165.297949133	0.670870046002	0.6216677
turn_left	573.361243439	167.632483023	0.663401048216	0.6158001
turn_left	575.906442703	169.572830635	0.54629810382	0.5195277
turn_left	577.863780827	168.997010474	0.401567762645	0.3908619
turn_left	580.813984856	171.854650554	0.288123374181	0.2841535
turn_left	585.813984856	179.854650554	-0.198089106779	-0.1967962
turn_left	587.274810953	180.725649465	-0.37425687822	-0.3655809
turn_left	591.276159411	181.781221849	-0.538221000535	-0.5126093
turn_left	593.500908474	181.004430228	-0.762130892185	-0.6904644
turn_left	599.415913938	181.781993307	-1.02632177768	-0.8553996
turn_left	601.664873936	180.129175672	-1.27672239986	-0.957071
turn_left	606.585260623	180.648731935	-1.36313332615	-0.9785154
turn_left	608.425865476	178.219341288	-1.60427668936	-0.9994396
turn_left	612.736787577	172.790075887	-2.04311414082	-0.8905162
turn_left	613.402229886	173.781238555	-2.08175018672	-0.8722785
waggle	614.363153825	174.924917995	-2.11535830393	-0.8553543
waggle	615.100926346	166.633923814	-2.19362760916	-0.8122301
waggle	608.438138075	169.39478879	-1.94846236733	-0.9295278
waggle	614.490856327	167.152196191	-2.25622024909	-0.7741508
waggle	614.914941497	167.933458958	-2.30412456879	-0.7429508
waggle	612.690971724	167.63414065	-2.25047914926	-0.7777721
waggle	610.046981884	166.527740209	-2.30406954118	-0.7429876
waggle	608.467334343	164.811080574	-2.19639516667	-0.8106126
waggle	614.323504164	162.378774821	-2.39498388871	-0.6791535
waggle	603.728465843	162.152060427	-1.82823963361	-0.9670441
waggle	612.524609214	155.290467388	-2.29895208737	-0.746403
waggle	597.829508754	159.401725159	-1.67677062266	-0.99439
waggle	608.188852765	158.834410301	-2.04329369232	-0.8904345
waggle	598.730777665	159.44091327	-1.80111049255	-0.9735947
waggle	612.979691141	151.736178998	-2.36232576947	-0.702758
waggle	597.627015689	152.5336249	-1.78843352086	-0.9764104
waggle	610.117576674	148.75233342	-2.29181666766	-0.7511325
waggle	592.117576674	155.75233342	-1.69314279342	-0.992525
waggle	603.457175452	146.30678049	-2.10218299861	-0.8621052
waggle	591.353613102	152.559575589	-1.55358838221	-0.9998519
turn_right	597.95825861	146.748620737	-1.76860738561	-0.9804991
turn_right	592.089199123	147.992157938	-1.3986306054	-0.9852161
turn_right	588.184017291	147.038462931	-1.40642595793	-0.9865216
turn_right	587.951091158	144.093384619	-1.18668763117	-0.9271328
turn_right	587.749542332	141.515008292	-0.956947749757	-0.8174372
turn_right	591.128916829	140.686976529	-0.86937355177	-0.7639248
turn_right	590.959114166	136.923732279	-0.639221057898	-0.5965705
turn_right	590.287846547	133.725010117	-0.529773858633	-0.5053382
turn_right	595.656664655	131.792201671	-0.124323475244	-0.1240035
turn_right	596.937521422	130.056656391	0.121355057288	0.1210574
turn_right	599.362561295	129.311951784	0.243468092664	0.2410699
turn_right	600.707767389	127.563220138	0.471244013182	0.4539951
turn_right	605.156476784	126.412863943	0.678566424648	0.6276777
turn_right	605.353565209	127.505577623	0.740965841798	0.6750008
turn_right	608.437473571	127.528308703	0.931251075736	0.8023672
turn_right	611.1614526	126.7667891	0.992029421562	0.8371378
turn_right	614.284604898	125.527783022	1.26164564708	0.9525923
turn_right	614.829793731	126.053833869	1.26952931066	0.9549613
turn_right	616.154192233	124.993094943	1.39446951866	0.9844947
turn_right	618.948156212	127.694782548	1.53707331762	0.9994314
turn_right	620.90148945	129.370480523	-4.61177255823	0.9949424
turn_right	621.392413476	134.533194813	-4.50267370584	0.9780902
turn_right	626.552021569	137.885144256	-4.38236467053	0.9460345
turn_right	628.850665813	141.159112645	-4.25049453807	0.8952099
turn_right	630.489957424	146.283402742	-4.1806288361	0.8619159
turn_right	630.557978693	147.216898099	-3.98638079651	0.7478305
turn_right	630.427606254	153.152095945	-3.86686479977	0.6633391
turn_right	629.358548245	152.360896931	-3.7758302028	0.5925635
turn_right	627.398357678	153.795018731	-3.716083542	0.5434075
turn_right	624.800168384	153.331153182	-3.48011997487	0.3320984
turn_right	621.069222881	157.186964628	3.0664087575	0.07511309
turn_right	618.121381517	159.691462141	-3.07129258663	-0.07024218
turn_right	618.027673523	163.873102813	-2.65188432216	-0.4703685
turn_right	618.060761695	163.936890813	-2.62002496781	-0.49824
turn_right	613.869107414	164.593757608	-2.46820636266	-0.6236367
turn_right	613.939524332	165.236281663	-2.36987598608	-0.6973666
turn_right	608.606104309	168.575345197	-2.0461695424	-0.889122
waggle	607.105374027	170.960711269	-1.87498870657	-0.9540892
waggle	607.936637079	169.173435622	-1.90829262529	-0.9435867
waggle	610.138103608	164.844186684	-2.04378706318	-0.8902098
waggle	603.680633484	163.638444372	-1.94810763442	-0.9296586
waggle	607.05440203	162.245189151	-1.92281333736	-0.9386792
waggle	602.681000402	163.517910011	-1.76743049266	-0.9807297
waggle	605.027739625	161.301739473	-1.83782065597	-0.9645603
waggle	602.60812284	159.769764245	-1.88747108749	-0.9502762
waggle	600.076207449	156.840398216	-1.83046349674	-0.9664755
waggle	602.367619781	154.229004189	-2.04680871625	-0.8888293
waggle	598.800670044	151.561715756	-2.06163769442	-0.8819366
waggle	596.358251516	150.65705415	-2.09211722617	-0.8671621
waggle	595.375597872	148.683877196	-2.04993609143	-0.8873918
waggle	595.383272916	145.15394066	-2.04056798068	-0.8916717
waggle	593.750281259	145.966238573	-2.0280592863	-0.8972642
waggle	596.620357228	141.512808423	-2.19948894418	-0.8087971
waggle	588.841472765	147.691614379	-1.97457656363	-0.9195823
waggle	597.773935059	138.849438552	-2.52099538958	-0.5815212
waggle	586.990703806	144.087654672	-2.23833919678	-0.7853451
turn_left	593.60684503	134.357906772	-2.95904427063	-0.1815362
turn_left	591.912399931	135.230835906	-3.03116179773	-0.1102065
turn_left	589.317489424	133.711876039	-3.23250237063	0.09078455
turn_left	589.462456065	133.01658473	-3.25216046909	0.1103427
turn_left	589.736444791	132.340986492	-3.48882869189	0.3403001
turn_left	586.091401581	130.56829495	2.37587081077	0.6930575
turn_left	584.083760582	129.101013352	-3.98228628627	0.7451059
turn_left	578.547093476	129.53130839	-4.18358099052	0.8634091
turn_left	574.254411741	131.210616013	-4.31989951571	0.9239597
turn_left	575.074939541	130.702328332	-4.35222075327	0.9358375
turn_left	573.188805499	130.967517954	-4.45155983277	0.9661765
turn_left	570.73439096	129.72826707	-4.64494595671	0.9977266
turn_left	569.610193106	132.045258338	-4.66944380583	0.999078
turn_left	566.919129852	133.847025947	1.47418468859	0.9953367
turn_left	565.083022143	135.494835722	1.30494870153	0.9648702
turn_left	562.705990968	137.257775089	1.22820426497	0.9418871
turn_left	562.809844328	139.43270734	1.07837208293	0.8811894
turn_left	562.168899158	138.548977171	1.03306447754	0.8588726
turn_left	560.763966725	137.038259056	0.897541512528	0.7817963
turn_left	559.848587669	137.131884807	0.764836127221	0.6924188
turn_left	559.95837823	138.231241155	0.672197337143	0.6227068
turn_left	562.688903805	143.47920353	0.54760976949	0.520648
turn_left	561.147718628	144.549338799	0.479879138194	0.461672
turn_left	563.675207018	147.050302825	0.266293593299	0.2631575
turn_left	563.533151373	147.775872479	0.216076215565	0.2143987
turn_left	564.972823807	151.7776948	0.00137332026304	0.00137332
turn_left	565.788202574	152.720676848	-0.0379886907878	-0.03797955
turn_left	571.628192899	156.472202317	-0.0702723370634	-0.07021451
turn_left	572.044983547	156.978996154	-0.122917502722	-0.1226082
turn_left	577.341633675	162.415109003	-0.348469740399	-0.3414599
turn_left	579.872568325	162.756099738	-0.485380632868	-0.4665451
turn_left	586.469334316	165.964711221	-0.613443949403	-0.5756869
turn_left	589.428593277	165.860461421	-0.680315351228	-0.6290382
turn_left	594.398336805	165.803578882	-0.952998709954	-0.8151561
turn_left	596.026518853	165.224991993	-1.08206296847	-0.8829283
turn_left	600.980695461	163.380474279	-1.20086478638	-0.9323521
turn_left	603.466452406	163.27169196	-1.22976769151	-0.9424111
turn_left	604.321536706	162.195912189	-1.22257601356	-0.9399815
turn_left	609.064399067	160.752507737	-1.28050446521	-0.9581604
turn_left	604.982117024	154.650017715	-1.30695408615	-0.9653951
turn_left	610.551310254	155.290532616	-1.60047359077	-0.9995597
turn_left	613.034572121	153.004155184	-2.04855212547	-0.888029
waggle	602.324954391	152.956012506	-1.64825332949	-0.9970017
waggle	609.891375428	151.800086265	-2.03439173823	-0.8944505
waggle	601.362806406	148.409665212	-1.42874636359	-0.9899279
waggle	612.362806406	144.409665212	-1.92383352137	-0.9383269
waggle	598.390100769	146.073453964	-1.32963827706	-0.9710621
waggle	611.756231208	144.328603632	-1.98454468442	-0.9156203
waggle	598.756231208	146.328603632	-1.54790688208	-0.999738
waggle	610.412922528	142.200817389	-2.1771687092	-0.8217208
waggle	597.183257024	142.868220821	-1.65251265801	-0.9966631
waggle	612.067502283	134.344811211	-2.14565907555	-0.8392669
waggle	592.479676425	138.863841991	-1.7360308205	-0.9863798
waggle	606.660510767	131.922836529	-2.26214054027	-0.7703897
waggle	598.660510767	137.922836529	-1.96325012687	-0.9239734
waggle	612.028853171	128.554216735	-2.36818481057	-0.6985777
waggle	593.887439243	135.816064037	-1.73770608241	-0.9861029
waggle	599.97381127	130.408288405	-2.11562918868	-0.8552139
waggle	589.710390589	131.832113762	-1.60979794261	-0.9992395
waggle	598.306910973	126.09460548	-2.01456922931	-0.9031382
waggle	585.306910973	128.09460548	-1.43797397465	-0.9911921
waggle	587.006426604	128.301087016	-1.49383715958	-0.9970401
waggle	584.735574033	127.116522412	-1.31552580081	-0.967595
waggle	584.584774671	125.093984195	-1.08017061193	-0.8820382
turn_right	583.96831638	124.783601544	-0.881057056027	-0.771412
turn_right	583.381463669	119.692164903	-0.592189360282	-0.5581789
turn_right	585.320213674	114.758607429	-0.374631744102	-0.3659298
turn_right	585.755430406	115.988376565	-0.286074382268	-0.2821883
turn_right	588.36125092	115.081476668	-0.073591163686	-0.07352476
turn_right	592.955103662	114.540874611	0.0620742781287	0.06203442
turn_right	594.986788919	114.075845396	0.172412045868	0.1715591
turn_right	597.442478553	114.245411226	0.309835023544	0.3049015
turn_right	600.47763806	115.523798644	0.417356991512	0.4053457
turn_right	603.991157596	117.42959265	0.595179235267	0.5606572
turn_right	609.485931838	122.103580843	0.456391581678	0.4407119
turn_right	613.848700553	121.992797033	0.667941757162	0.6193714
turn_right	616.686376788	120.831185064	0.820750589477	0.7316577
turn_right	621.637102741	121.939229368	0.943562914422	0.8096543
turn_right	625.723926802	123.458814239	0.924850884966	0.798531
turn_right	624.856384854	125.872712602	0.919993696944	0.7955978
turn_right	628.231162551	125.8328814	1.05609444652	0.8704395
turn_right	630.73702109	124.388360533	1.19085488186	0.9286864
turn_right	635.856545375	129.873448491	1.38899943908	0.9835204
turn_right	639.825090826	137.657455629	1.84968377035	0.9613623
turn_right	643.372908373	137.191343605	-4.23424755849	0.8878516
turn_right	646.844740807	140.23953151	-4.06718702768	0.7989783
turn_right	646.705959924	144.15905625	-3.95011273648	0.723266
turn_right	644.515183831	146.353842338	-3.70561874327	0.534593
turn_right	646.509920819	149.532762286	-3.51503789628	0.3648254
turn_right	646.578709721	150.139725106	-3.43838735841	0.2924566
turn_right	644.792723466	153.1398412	-3.32490297412	0.1822854
turn_right	640.357875711	157.49153423	-3.15863144956	0.01703797
turn_right	634.10642088	159.068886839	-2.99156088802	-0.1494695
turn_right	624.509779162	163.180436939	-2.86390868865	-0.2741291
turn_right	626.194359234	164.319682111	-2.6873349949	-0.4387954
turn_right	626.476290334	167.435303252	-2.56026091333	-0.5491374
turn_right	626.219650131	168.178325636	-2.41035330453	-0.6677927
turn_right	625.944140135	168.289321151	-2.37435244231	-0.6941513
turn_right	621.662133991	165.92280595	-2.373296142	-0.6949113
waggle	621.435554928	159.809411257	-2.37025449235	-0.6970953
waggle	611.686392022	162.78759975	-2.02798891444	-0.8972953
waggle	616.164365866	161.066179296	-2.19471672927	-0.8115943
waggle	613.027114135	164.941724087	-2.07008835477	-0.8779218
waggle	620.492453059	156.061500629	-2.40151282662	-0.6743469
waggle	610.492453059	160.061500629	-2.24647640935	-0.7802818
waggle	619.822527262	155.413972323	-2.39301580803	-0.6805968
waggle	610.84691968	158.485562932	-2.14845727883	-0.8377422
waggle	613.599337819	151.449640351	-2.41415263062	-0.6649598
waggle	606.519907664	152.078786439	-2.31648481527	-0.734621
waggle	610.901832431	149.00536193	-2.39663238318	-0.6779426
waggle	605.454359	150.500567506	-2.30680480866	-0.7411541
waggle	603.377203309	148.766239662	-1.99012241164	-0.9133635
waggle	606.115405631	143.682345334	-2.2929739216	-0.7503681
waggle	600.410357545	143.132684089	-2.37880097456	-0.6909423
waggle	602.480033113	137.459461906	-2.60404895148	-0.5120277
waggle	600.263477702	140.123371992	-2.6400000646	-0.4808226
waggle	598.955480833	134.194363522	-2.95889032184	-0.1816876
waggle	596.77622379	135.610681007	-3.05045667875	-0.09100987
waggle	598.855075831	133.36830938	-3.37811428643	0.2343225
waggle	598.882573993	134.799006836	-3.46847547831	0.3210925
waggle	595.408049475	133.226105348	-3.75401269682	0.5748494
turn_left	594.940474571	134.662348694	-3.77036942955	0.5881559
turn_left	591.780886004	134.424244169	-3.99413638528	0.7529568
turn_left	585.434361553	135.249975036	1.93497922772	0.9344151
turn_left	584.375019931	133.963132159	-4.43809483293	0.9626166
turn_left	583.990441192	134.538452355	-4.57657832976	0.9907919
turn_left	583.240069781	135.183351786	1.49792957117	0.9973464
turn_left	583.208026321	138.773769973	1.27127434911	0.9554776
turn_left	580.061267048	139.843137277	1.21348553409	0.9368408
turn_left	575.023452461	141.828955288	1.10140468025	0.8918436
turn_left	574.035590006	143.059477716	0.962381567667	0.8205551
turn_left	578.137025117	148.020548711	0.831612843813	0.7390189
turn_left	578.57959228	147.387082785	0.674361993324	0.6243991
turn_left	579.596511202	150.523425155	0.459496859435	0.4434972
turn_left	581.959458531	154.306914528	0.19297892854	0.1917834
turn_left	582.941404959	155.968438103	0.225785306164	0.2238718
turn_left	585.808916201	159.298788528	0.22302277808	0.2211785
turn_left	589.434561128	163.417010898	0.200441536074	0.199102
turn_left	593.081842788	162.496994094	0.0960482080033	0.0959006
turn_left	595.626195252	162.894228477	-0.0521588350845	-0.05213519
turn_left	596.377278468	162.590883364	-0.204693935579	-0.2032675
turn_left	602.07051471	164.588776758	-0.46258062719	-0.446259
turn_left	603.923625035	161.080533582	-0.555219215409	-0.5271296
turn_left	609.199328054	165.254494082	-0.844031948676	-0.7473282
turn_left	610.538033287	164.661593036	-1.01097710852	-0.8473511
turn_left	613.400479961	162.849928385	-1.21701181071	-0.9380683
turn_left	616.822957835	161.317533338	-1.55258699072	-0.9998342
turn_left	618.10453311	160.5719264	-1.73072387041	-0.9872388
waggle	616.63166532	157.224060867	-1.8170622511	-0.9698295
waggle	610.440633333	155.917269004	-1.76225046433	-0.9817286
waggle	617.058303191	154.861272815	-2.08097489484	-0.8726573
waggle	608.721245099	156.035944366	-1.87238126801	-0.9548669
waggle	619.078550661	154.810658975	-2.2447093661	-0.7813857
waggle	610.851234098	158.466056912	-1.86260855453	-0.9577241
waggle	621.131628742	153.065698913	-2.20962955502	-0.802792
waggle	605.092822182	150.307456383	-1.74514830235	-0.9848392
waggle	614.876802999	142.73084323	-2.10065374199	-0.8628791
waggle	599.305976666	146.712285001	-1.53115583625	-0.9992144
waggle	608.813828787	145.637822579	-1.9744203647	-0.9196437
waggle	607.384442332	143.50308162	-1.95591435647	-0.9267541
waggle	607.772044494	140.854413294	-1.93003570221	-0.9361645
waggle	608.703529138	138.29645759	-2.04230778749	-0.8908828
waggle	600.703529138	139.29645759	-1.73564203386	-0.9864437
waggle	608.447494307	136.154594636	-1.93507673858	-0.9343804
waggle	599.447494307	138.154594636	-1.77614116261	-0.9789907
waggle	603.695892672	133.244981565	-2.01289656293	-0.9038551
waggle	599.695892672	136.244981565	-1.61629835225	-0.998965
waggle	600.606023093	129.028090664	-1.55757608925	-0.9999126
waggle	593.606023093	123.028090664	-1.12992041443	-0.9043782
turn_right	597.866583705	123.189771004	-1.22044198441	-0.9392512
turn_right	592.866583705	118.189771004	-0.85582925367	-0.7551148
turn_right	593.408474325	114.254082116	-0.609237243519	-0.5722421
turn_right	595.300739683	112.765416783	-0.483281620122	-0.4646875
turn_right	596.143065905	110.623090143	-0.19740071147	-0.1961212
turn_right	597.246793125	108.177949782	0.0524351673392	0.05241114
turn_right	599.788197158	109.040129349	0.155077637842	0.1544568
turn_right	603.102183426	108.594985651	0.295387162971	0.2911103
turn_right	606.237830531	106.197658698	0.395658725244	0.3854161
turn_right	607.868453655	107.117453271	0.493386881519	0.4736115
turn_right	612.084226237	107.645901611	0.599595035473	0.5643082
turn_right	615.938214714	105.682883399	0.788139429334	0.7090425
turn_right	616.071616449	105.531727299	0.865742875184	0.7615769
turn_right	618.501445157	103.769855171	1.03093252509	0.8577787
turn_right	619.595901829	102.941810845	1.03602087914	0.8603831
turn_right	627.359079346	109.499327595	1.28921424439	0.960617
turn_right	626.801717576	112.090920594	1.26541813392	0.9537333
turn_right	631.212937246	113.501153421	1.32801435905	0.9706729
turn_right	630.959058129	116.236038551	1.39027246108	0.9837498
turn_right	633.197475128	116.763771564	1.53320796642	0.9992936
turn_right	636.8097459	116.578277814	-4.46693974271	0.9700283
turn_right	635.293317219	119.813498223	-4.33472678925	0.9295292
turn_right	630.526685954	124.088465433	-4.30029878972	0.9162857
turn_right	627.953501247	128.114935941	-4.27058867279	0.9039834
turn_right	630.838390806	131.179058665	-4.15785740888	0.8501472
turn_right	630.232792544	133.97949007	-4.03857097219	0.781445
turn_right	631.660708075	139.00140055	2.60109933749	0.5145591
turn_right	626.814124796	140.920534526	-3.48929320043	0.3407369
turn_right	624.386376698	147.133319313	-3.16533143337	0.02373655
turn_right	620.825431886	145.175271054	-3.10443716264	-0.03714694
turn_right	618.381147982	145.356645015	-3.01513569783	-0.1261202
turn_right	620.101171981	144.999013075	-2.92426275216	-0.2156231
turn_right	620.60062881	145.696862382	-2.86004031071	-0.2778472
turn_right	620.676263195	146.296255258	-2.78168990754	-0.3521832
turn_right	620.687204724	146.877339767	-2.71353337552	-0.415106
turn_right	617.545141456	147.448293548	-2.57554266451	-0.5363023
turn_right	615.248575399	149.123419762	-2.51834529781	-0.583675
turn_right	613.08143314	149.840298012	-2.46381258314	-0.6270653
turn_right	611.213644423	150.172226421	-2.52304269518	-0.5798544
turn_right	608.591600514	148.871160406	-2.73641478133	-0.3941822
turn_right	603.9465423	147.468390872	-2.76677246553	-0.3661052
turn_right	598.078388314	144.352055709	-2.76126691753	-0.3712229
waggle	594.609035757	143.025800801	-2.56132143406	-0.5482508
waggle	593.391683719	141.370872101	-2.3547831681	-0.708104
waggle	587.685477438	145.099241119	-1.85693314833	-0.9593414
waggle	589.059367703	143.684726891	-1.85760760552	-0.9591508
waggle	590.260453177	141.061914428	-1.85133067415	-0.9609076
waggle	592.338031553	132.804907411	-1.92993463813	-0.9362
waggle	586.282589936	129.620255934	-1.86213729862	-0.9578596
waggle	584.647425008	130.363838441	-1.71939922162	-0.9889789
waggle	588.528556141	129.156438021	-1.88513421974	-0.9510013
waggle	583.597395068	127.861495092	-1.88055724109	-0.9524065
waggle	585.251387008	122.85390961	-2.27774235731	-0.760349
waggle	581.001931971	124.314575967	-2.26717221524	-0.7671719
waggle	582.515577547	119.268944734	-2.57539381447	-0.536428
waggle	586.854358619	114.388142148	-2.81462968481	-0.3211684
waggle	587.335898931	112.597147707	-3.06455169705	-0.07696477
waggle	584.670601319	111.017099986	-3.27295972942	0.1309896
turn_left	583.941721465	110.292621961	-3.47968795185	0.3316908
turn_left	581.76763551	112.499614579	-3.696165774	0.5265804
turn_left	581.141374222	112.717829356	-3.9210865139	0.7029195
turn_left	578.145272751	113.380086314	-4.21772470686	0.8801281
turn_left	578.22105328	114.172689943	-4.29904774794	0.9157839
turn_left	576.385294918	114.307393399	-4.34807916763	0.9343699
turn_left	578.665173438	118.479990337	1.99292232911	0.91222
turn_left	579.222234579	118.095890208	-4.43258585624	0.9611098
turn_left	575.943233681	118.870208981	-4.45601053917	0.9673147
turn_left	573.629644632	123.544763945	-4.64175693935	0.9975066
turn_left	571.777772963	126.00846465	-4.65302937444	0.9982387
turn_left	565.777772963	133.00846465	-4.65302937444	0.9982387
turn_left	566.66304659	134.934058171	1.50334814914	0.9977262
turn_left	569.369610549	137.923421618	1.48422620094	0.9962551
turn_left	567.777199001	139.376660921	1.22616541179	0.9412002
turn_left	564.847900598	141.309015796	1.09550808103	0.8891609
turn_left	564.555946165	142.87129783	0.896844517748	0.7813615
turn_left	564.211886734	148.324814925	0.72122751619	0.660307
turn_left	563.818864931	151.085017131	0.578801296902	0.5470209
turn_left	567.458351049	155.538143404	0.477616216535	0.4596635
turn_left	575.05476741	160.384344295	0.413811423057	0.402102
turn_left	576.755476491	161.688048358	0.332800113235	0.3266908
turn_left	578.309611143	163.81169489	0.288950861846	0.2849467
turn_left	582.20293381	165.596756504	0.246114213115	0.2436371
turn_left	584.642068932	170.599780792	0.149983663394	0.149422
turn_left	591.386525673	173.584205045	-0.118389951797	-0.1181136
turn_left	591.06277613	173.751920597	-0.18901600084	-0.1878925
turn_left	595.349534326	176.18687704	-0.46071100445	-0.4445851
turn_left	599.024718649	180.28965543	-0.558328366902	-0.5297692
turn_left	602.409794736	179.815821548	-0.767415748653	-0.6942777
turn_left	606.533056609	179.104976089	-0.968874255478	-0.8242488
turn_left	606.426607762	179.379782632	-1.03694727901	-0.8608549
turn_left	608.873330414	179.321093003	-1.10146444442	-0.8918707
turn_left	615.138573479	179.719468983	-1.16367641507	-0.918265
turn_left	616.319432576	178.609523253	-1.28483834105	-0.9593919
turn_left	618.551612075	177.410485678	-1.47934320942	-0.9958211
turn_left	618.23265917	175.326307706	-1.7181295716	-0.9891661
turn_left	618.288624332	169.913461542	-1.89157792347	-0.9489893
turn_left	619.187934353	168.656955284	-1.98630212437	-0.9149123
turn_left	616.579010993	166.866536455	-1.8647191693	-0.9571148
waggle	622.910031922	163.4834758	-2.21564604059	-0.7991901
waggle	616.910031922	168.4834758	-2.04069119841	-0.8916159
waggle	612.769325176	168.081701703	-2.07503761197	-0.8755413
waggle	610.700634868	161.448575303	-2.36906637404	-0.6979467
waggle	607.036598237	163.62828056	-2.17855241717	-0.8209314
waggle	615.400234116	160.87974981	-2.37715870403	-0.6921285
waggle	601.043354534	163.611015301	-1.84953304024	-0.9614038
waggle	612.861544797	156.903210391	-2.37860018454	-0.6910874
waggle	598.578522117	161.677362726	-1.74076613405	-0.9855899
waggle	611.275416462	153.262918397	-2.1970607213	-0.8102227
waggle	598.683544152	157.29520176	-1.75624611779	-0.9828534
waggle	610.176967191	146.396627991	-2.22505391282	-0.7935
waggle	594.176967191	152.396627991	-1.71891773559	-0.9890501
waggle	609.260127028	146.191809228	-2.17962000926	-0.8203213
waggle	597.480054677	151.684960195	-1.78659111691	-0.9768065
waggle	608.764146074	140.537522033	-2.19408561436	-0.8119629
waggle	592.76700466	142.625085761	-1.73994037028	-0.9857292
waggle	600.34526058	140.0836001	-2.03334225494	-0.8949193
waggle	595.650620017	140.241566653	-1.86842911017	-0.9560334
turn_left	601.611078524	132.826169965	-2.36436770698	-0.7013039
turn_left	602.14263186	131.636943852	-2.54630642763	-0.5607458
turn_left	604.090834154	127.96465005	-2.84664870174	-0.2906862
turn_left	604.133599405	132.016877836	-2.99266538988	-0.1483774
turn_left	604.515871637	130.588899869	-3.10302937101	-0.03855373
turn_left	602.29711962	129.345821599	-3.24250822077	0.1007444
turn_left	601.799151706	126.627110247	-3.41995570573	0.2747821
turn_left	599.372446359	125.071350335	-3.6888690773	0.5203634
turn_left	596.288444931	126.39641399	-3.73608659176	0.5600896
turn_left	593.188170293	126.397606501	-3.89455741158	0.683805
turn_left	591.658282277	129.876249854	-4.01199742935	0.7645899
turn_left	587.618667293	132.323593707	-4.11562041433	0.8271559
turn_left	582.658056871	133.212366706	-4.29199039041	0.9129263
turn_left	580.634826225	133.480363563	-4.34157174892	0.9320315
turn_left	576.436374047	139.41348282	1.51396229217	0.9983854
turn_left	574.607855434	140.834096277	1.48530305846	0.9963477
turn_left	575.306216258	144.830254846	1.40258971932	0.9858866
turn_left	575.111767283	149.707756312	1.20899581081	0.935261
turn_left	571.204546732	156.922375175	0.901666809538	0.7843619
turn_left	568.915681143	157.882903099	0.736980750303	0.6720552
turn_left	567.353038807	160.533447542	0.748062992721	0.6802202
turn_left	571.180771701	164.136406237	0.609779742505	0.5726869
turn_left	573.245427877	166.755467759	0.456160047203	0.440504
turn_left	576.441839632	168.296191591	0.196990166	0.1957186
turn_left	574.447950097	169.163900769	-0.114812208631	-0.1145601
turn_left	575.114740364	170.298545886	-0.340438605161	-0.3339006
turn_left	575.264748356	170.046747352	-0.476368951064	-0.4585554
turn_left	578.015854185	169.05678696	-0.520013998319	-0.4968923
turn_left	582.063164695	167.679398441	-0.587312910703	-0.5541262
turn_left	585.469733927	166.601877984	-0.658955337419	-0.6122912
turn_left	584.195641905	166.261592726	-0.788290042257	-0.7091487
turn_left	589.489246136	165.096101916	-0.869684955541	-0.7641258
turn_left	592.089048915	166.120056102	-1.03609119503	-0.8604189
turn_left	595.158756886	157.80898277	-1.09214088935	-0.887615
turn_left	599.98049398	155.677059793	-1.37012621033	-0.9799332
turn_left	605.98049398	153.677059793	-1.68635531699	-0.9933305
turn_left	607.396300779	154.414727454	-1.6328041598	-0.9980781
waggle	607.535201195	148.817519302	-2.05941138153	-0.8829838
waggle	605.469404855	148.632359937	-1.94717844732	-0.9300005
waggle	609.79084172	150.290897063	-2.10610134214	-0.8601131
waggle	607.427807685	150.820529764	-2.04488210059	-0.8897105
waggle	601.976035233	148.164342158	-1.988595372	-0.9139842
waggle	601.098242204	141.701855698	-2.08942031175	-0.8685021
waggle	601.504903315	143.016120305	-2.01198945876	-0.9042428
waggle	601.028785673	131.497274883	-1.98406623234	-0.9158125
waggle	587.945864411	139.635393701	-1.60767641325	-0.99932
waggle	602.552196134	133.604008332	-1.991195179	-0.9129262
waggle	588.706673645	135.313689877	-1.8381632852	-0.9644699
waggle	600.706673645	130.313689877	-2.09266642899	-0.8668884
waggle	591.396928695	132.207986906	-1.85367973208	-0.9602546
waggle	592.576071755	128.125955459	-1.88737837831	-0.950305
waggle	591.153131451	124.707216658	-1.92534495888	-0.9378033
waggle	591.890208416	122.423096006	-1.95365764492	-0.9275995
turn_right	590.837186619	122.089125478	-1.99840506146	-0.90996
turn_right	590.63771018	121.413362235	-1.96172211934	-0.9245567
turn_right	585.255791106	118.896487711	-1.82038441423	-0.9690142
turn_right	586.034022387	113.990753811	-1.82457402237	-0.9679709
turn_right	587.307753281	113.190588723	-1.8370081815	-0.9647744
turn_right	587.995561912	111.442842601	-1.72594253776	-0.9879889
turn_right	583.924802016	111.998046395	-1.47282970053	-0.9952051
turn_right	581.392426551	109.577520129	-1.33576081853	-0.9725061
turn_right	579.502369685	105.741915517	-1.18673168885	-0.9271493
turn_right	581.418053244	101.833639271	-1.01822766709	-0.8511791
turn_right	580.449330006	99.3734264737	-0.876785381647	-0.7686867
turn_right	581.890375384	96.3670205465	-0.718008813666	-0.6578864
turn_right	580.289246136	95.1103578111	-0.501950433761	-0.4811363
turn_right	582.404204878	95.5947399095	-0.325626279581	-0.3199022
turn_right	582.726587889	95.2795935482	-0.3030635706	-0.2984456
turn_right	581.975998371	92.6213983422	-0.138255588292	-0.1378156
turn_right	582.520643946	90.6798275432	0.00437178166715	0.004371768
turn_right	582.326662778	90.2002770724	0.139363176076	0.1389125
turn_right	580.908173699	89.1943138915	0.197392494278	0.1961131
turn_right	581.212986457	91.1195057935	0.327872745514	0.3220298
turn_right	584.896457341	92.9229255267	0.456272271217	0.4406048
turn_right	585.371379502	92.2926420748	0.450771011861	0.4356597
turn_right	592.354384107	95.9335179335	0.486255468261	0.4673187
turn_right	596.02625118	99.9226784691	0.378210158927	0.3692577
turn_right	596.322485165	100.130122527	0.460335079418	0.4442483
turn_right	601.670533444	101.457920341	0.517204705336	0.4944524
turn_right	599.47621481	104.024309758	0.60559143086	0.5692484
turn_right	601.221038547	102.571967693	0.787037258886	0.7082648
turn_right	602.848171178	102.942291446	0.747554676185	0.6798475
turn_right	603.03574953	102.594467245	0.793868057892	0.7130705
turn_right	603.256822724	103.423475344	0.799579663646	0.7170632
