waggle	183.0	107.0	-1.019141	-0.8516581
waggle	183.759378	106.500852	-0.75955	-0.6885952
waggle	184.437586	106.368988	-0.703147	-0.6466215
waggle	184.315796	101.82204	-0.739704	-0.6740693
waggle	189.823506	103.549243	-0.266918	-0.2637598
waggle	185.771892	101.026221	-0.531096	-0.5064787
waggle	185.001209	102.59751	-0.770479	-0.696479
waggle	189.007417	103.041206	-0.684059	-0.631944
waggle	190.739371	97.633783	-0.905251	-0.7865802
waggle	188.815063	103.954232	-0.238826	-0.2365621
waggle	186.389354	101.039421	-0.982565	-0.8319234
waggle	189.858728	104.147571	-0.672757	-0.6231446
waggle	187.318028	101.281848	-0.932091	-0.8028683
waggle	191.437118	100.684433	-0.826099	-0.7352931
waggle	196.051039	102.551254	-0.537205	-0.5117367
waggle	191.895547	99.807881	-1.051844	-0.8683393
waggle	191.616812	101.668768	-0.786395	-0.7078113
waggle	194.593285	98.085326	-0.870589	-0.7647086
waggle	194.927206	103.283603	-0.704138	-0.6473771
waggle	192.017193	100.184738	-0.909318	-0.789085
waggle	194.312653	101.311587	-0.865015	-0.761105
waggle	194.775883	99.622356	0.46305313134363485	0.4466818
waggle	197.166671	100.095963	-0.93109	-0.8022711
waggle	199.429975	102.843401	-0.858417	-0.7568088
waggle	198.423788	99.577576	-1.008037	-0.8457862
waggle	201.902282	104.269364	-1.079288	-0.881622
waggle	200.055927	99.571237	-0.964512	-0.8217709
waggle	202.412174	104.14875	-1.079781	-0.8818546
waggle	201.121779	100.559017	-0.2096948283638836	-0.2081614
waggle	203.757786	102.617886	-1.169472	-0.9205445
waggle	206.209412	100.661501	-1.110282	-0.895824
waggle	204.965889	98.405452	-1.231626	-0.943031
waggle	206.532475	102.92318	-1.070254	-0.8773224
waggle	206.940283	97.283969	-1.110249	-0.8958094
waggle	208.681304	100.7673	-0.981128	-0.8311252
waggle	207.290241	95.720261	-1.082563	-0.8831629
waggle	206.98341	100.247141	-0.460862	-0.4447203
waggle	209.161246	96.710525	0.27365541007946126	0.2702526
waggle	210.518947	99.537135	-1.164839	-0.9187248
waggle	213.609311	96.480773	-1.009417	-0.8465216
waggle	210.56898	95.333758	-1.271508	-0.9555466
waggle	214.2656	98.605736	0.13595870460931297	0.1355402
waggle	213.905257	94.842134	-1.230651	-0.9427062
waggle	216.792863	98.167576	-0.681892	-0.6302631
waggle	215.311648	92.434019	-0.953872	-0.8156617
waggle	217.483962	95.453749	-0.609497	-0.5724551
waggle	217.542349	92.713324	-0.924578	-0.7983667
waggle	221.636061	95.674163	-0.576384	-0.5449957
turn_left	221.785537	97.709705	-0.8151778507773807	-0.7278476
turn_left	221.588853	98.615056	-1.42794755138756	-0.9898145
turn_left	224.650876	99.564435	-2.1587240671850196	-0.8320918
turn_left	224.055142	98.292295	-2.5830015976773653	-0.5299919
turn_left	222.727371	97.900501	-2.5905471860046814	-0.5235782
turn_left	223.073591	97.863445	-2.5110462139147938	-0.5895862
turn_left	222.830682	96.68961	-2.543731226663528	-0.5628761
turn_left	221.920879	97.174073	3.4475836535897932	-0.3012383
turn_left	221.318049	96.793077	3.449700653589793	-0.3032563
turn_left	220.733583	93.971727	3.478769653589793	-0.3308244
turn_left	219.234031	93.814647	3.583447653589793	-0.427617
turn_left	217.052025	92.552754	3.699615653589793	-0.5295101
turn_left	215.528946	92.197879	3.8011636535897932	-0.6127779
turn_left	214.99448	91.702203	3.927961653589793	-0.7077929
turn_left	213.021824	91.011748	3.972751653589793	-0.7387131
turn_left	211.848995	89.464073	4.224709653589793	-0.8834227
turn_left	208.176459	88.74328	-2.7991825051815904	-0.3357583
turn_left	208.318655	86.002715	-2.793121866694887	-0.3414609
turn_left	205.375354	86.030225	-3.0008026502459186	-0.1403253
turn_left	202.849353	84.325823	-2.9678670863827654	-0.172853
turn_left	201.853319	83.93444	2.9511030930027737	0.1893396
turn_left	200.124141	82.498425	2.8255598090752647	0.3107983
turn_left	194.423312	83.155279	2.870106375005916	0.2681636
turn_left	193.244314	84.079713	2.8001930251682667	0.3348063
turn_left	191.632444	83.252406	1.889441	0.9496609
turn_left	190.369688	84.366346	1.927389	0.9370917
turn_left	189.328154	83.561641	2.153644	0.8348987
turn_left	187.875238	84.506752	2.270223	0.7652114
turn_left	184.304717	84.237344	2.388091	0.6841967
turn_left	183.270883	86.773933	2.282133	0.7574899
turn_left	181.693463	87.384248	2.326041	0.7281038
turn_left	178.601057	89.821188	2.41041	0.6677505
turn_left	175.675127	90.273568	2.575831	0.5360589
turn_left	173.741462	91.93568	1.7355746810707688	0.9864547
turn_left	173.680498	92.834229	1.8019807136346817	0.9733957
turn_left	172.192915	95.73285	1.5267019383064904	0.999028
turn_left	171.500883	96.652486	1.4990158319922677	0.9974249
turn_left	171.307928	98.100253	1.3121424122010459	0.9667352
turn_left	172.879335	103.208973	1.5093057712373232	0.9981101
turn_left	171.851269	103.195337	1.5613366236031208	0.9999553
turn_left	172.582669	103.738464	1.4746222472007144	0.9953788
turn_left	172.159505	106.753012	1.591350574133496	0.9997888
turn_left	173.152005	107.646011	2.070777862642628	0.8775914
turn_left	173.131652	107.025497	1.5076058452788057	0.9980041
turn_left	171.700065	107.041789	0.522008653589793	0.4986223
turn_left	168.45946	107.473921	0.6410786535897932	0.5980603
turn_left	168.150399	106.79835	0.7069306535897932	0.649503
turn_left	168.863037	106.808364	0.8939636535897932	0.7795604
turn_left	166.645141	108.095258	1.0228336535897933	0.8535876
turn_left	164.288224	109.403742	1.2524806535897932	0.9497639
turn_left	163.121149	109.038305	1.267624653589793	0.9543944
turn_left	163.352415	109.324057	1.2937686535897932	0.9618726
turn_left	162.981112	109.569178	1.3285056535897932	0.9707909
waggle	165.450142	110.024739	0.23247543996069409	0.2303871
waggle	165.156943	110.944082	-0.5248866400335614	-0.5011149
waggle	165.318729	106.858536	0.4625291831784799	0.446213
waggle	166.956011	105.864635	0.5914783255653383	0.5575888
waggle	168.577133	111.068711	-0.5676873321862775	-0.5376836
waggle	169.317661	106.548782	0.7505594175801856	0.682048
waggle	168.302152	112.034258	0.25287471061382666	0.2501883
waggle	172.525837	107.702133	0.5433039996368463	0.516967
waggle	172.176359	111.076839	-0.039159430215661345	-0.03914942
waggle	173.358607	107.800157	0.20698239366914023	0.2055076
waggle	172.404001	106.049365	0.6353001128505882	0.5934191
waggle	173.585682	111.918323	0.20166909293274943	0.2003049
waggle	177.917364	108.229893	0.27100339857424544	0.2676983
waggle	176.282961	113.426992	0.021750199984854876	0.02174849
waggle	178.257572	108.575319	0.09411589208500688	0.09397701
waggle	175.784793	111.476705	-0.6451096648190434	-0.6012861
waggle	178.322586	108.739261	0.49082059297571373	0.4713498
waggle	177.935473	111.682758	0.15879629515613572	0.1581298
waggle	178.012882	112.297275	-0.44267928675756374	-0.428362
waggle	180.716968	108.622376	0.41365280946414207	0.4019567
waggle	183.607655	109.874578	0.6685748277062378	0.6198683
waggle	186.065914	106.752156	0.39570760192675863	0.3854612
waggle	186.107069	112.313783	0.49433646282332416	0.4744477
waggle	186.462161	107.337449	-0.2083809298009236	-0.2068761
waggle	185.792703	113.146847	-0.5620557862920248	-0.5329268
waggle	186.018024	108.378988	-0.03386396466891958	-0.03385749
waggle	188.272583	108.620911	0.18479153890469788	0.1837416
waggle	188.443451	112.266429	0.06449131076047898	0.06444662
waggle	188.713988	107.368748	0.4372098967380338	0.4234135
waggle	191.160792	112.040205	0.1952801210084734	0.1940413
waggle	189.094445	105.8737	0.5875865641635108	0.554354
waggle	190.608601	111.246942	0.2549871240501274	0.2522329
waggle	192.46952	107.007794	0.47222907898448624	0.4548725
waggle	193.43467	111.978376	0.21971245378870832	0.217949
waggle	192.923074	110.797503	0.8384263310145526	0.7435918
waggle	194.749301	109.987629	0.4548912116343089	0.4393646
waggle	195.770598	112.762364	0.3457928647579662	0.3389427
waggle	197.122653	109.816015	-0.5357941979605689	-0.5105241
waggle	197.494481	114.169645	0.20064597741698356	0.1993024
waggle	195.817854	111.056829	-0.22521256881271381	-0.2233136
waggle	198.359519	113.781672	0.12194249369951231	0.1216405
waggle	201.856157	108.656661	-0.3680843711848828	-0.3598288
waggle	205.646675	112.430302	-0.3396376867284571	-0.3331455
waggle	205.219111	110.780851	0.0050322944637021475	0.005032273
waggle	201.296742	107.804062	0.6649473441144115	0.6170177
waggle	205.570635	109.828748	-0.06887541796853482	-0.06882098
waggle	208.931096	103.814651	-0.12209414209723304	-0.121791
waggle	211.539433	109.729316	0.20586868615887144	0.2044176
waggle	209.090866	113.534076	0.9966998086539873	0.8396833
waggle	207.103173	115.183142	1.0815996535897932	0.8827106
waggle	204.547825	117.7326	0.7258056535897932	0.6637383
waggle	205.29864	116.568468	0.37764065358979293	0.3687284
waggle	205.345263	118.307168	0.49991165358979295	0.479348
waggle	205.653357	115.281541	6.1181416535897934	-0.1642954
waggle	208.527862	116.502464	6.278410653589793	-0.004774635
waggle	206.652549	116.847427	5.9669566535897935	-0.3109844
waggle	207.705132	115.224019	5.894102653589793	-0.3793398
waggle	206.06326	112.963066	6.2086326535897935	-0.07448361
waggle	207.163519	111.300014	6.119302653589793	-0.1631501
waggle	208.790777	108.074247	6.148362653589793	-0.1344146
turn_right	211.846977	104.517883	-0.329308377563173	-0.3233886
turn_right	214.003933	104.752067	1.1252760188427997	0.9023866
turn_right	211.794847	106.841052	0.9362045611242934	0.8053138
turn_right	210.746254	108.128074	1.025479825454685	0.8549632
turn_right	211.95787	107.829024	1.1688766900950867	0.9203118
turn_right	213.509501	109.158411	1.5670182058889786	0.9999929
turn_right	213.608414	109.750716	1.37692704899934	0.9812661
turn_right	212.929247	111.196565	1.3910746650910335	0.9838935
turn_right	217.319208	112.317112	1.6595905469553958	0.9960604
turn_right	217.630716	111.814888	1.780872763287628	0.978015
turn_right	215.368512	113.952175	2.27325	0.7632592
turn_right	214.22325	117.375674	2.269914	0.7654103
turn_right	216.086607	116.832057	1.925763	0.9376581
turn_right	216.236568	116.043632	1.815425	0.9702273
turn_right	215.655677	116.608258	1.826734	0.9674263
turn_right	216.682119	115.481991	1.764604	0.981278
turn_right	216.410723	114.364314	1.77737	0.9787394
turn_right	215.947698	114.280492	1.68802	0.9931372
turn_right	215.096003	115.081329	1.651976	0.9967067
turn_right	213.604275	113.626588	1.601991	0.9995135
turn_right	213.512618	115.72234	1.571686	0.9999996
turn_right	213.781404	117.084839	1.465865	0.9944998
turn_right	212.906091	119.505622	1.359039	0.9776631
turn_right	216.728022	121.213973	1.327151	0.970465
turn_right	213.294276	121.212256	1.183747	0.9260268
turn_right	213.779899	122.230864	1.941608184281318	0.9320335
turn_right	212.412813	123.487298	1.7622184714496172	0.9817347
turn_right	212.500859	127.142451	2.315423648205045	0.7353405
turn_right	212.680972	128.03921	2.4677035531802876	0.6240296
turn_right	212.926965	130.807046	3.0054313618413317	0.1357409
turn_right	212.491332	130.394203	2.4336681435284926	0.6502584
turn_right	213.560687	130.846253	2.705979686482717	0.4219662
turn_right	212.336978	131.527963	3.623234653589793	-0.463235
turn_right	210.23325	132.05088	2.728623123403767	0.401331
turn_right	210.082022	132.191052	3.465684653589793	-0.3184482
turn_right	208.001446	133.470178	3.713778653589793	-0.5414712
turn_right	203.539919	135.055495	4.076230653589793	-0.8043841
turn_right	201.745632	135.745084	3.9193236535897933	-0.7016645
turn_right	198.929016	132.665046	3.815049653589793	-0.6236919
turn_right	197.25596	129.213619	3.6222676535897933	-0.4623778
turn_right	192.895096	126.977692	3.494724653589793	-0.3458382
turn_right	193.726618	124.972408	3.364335653589793	-0.2209057
turn_right	191.086699	124.128813	3.330605653589793	-0.1878896
turn_right	188.669621	124.214271	2.968146653589793	0.1725777
turn_right	186.730941	123.198956	-2.8880477047673074	-0.2508371
turn_right	187.356035	123.021818	-2.703229320547857	-0.4244581
turn_right	184.014332	123.865407	-2.1530666605869047	-0.8352163
turn_right	183.894295	123.023323	-2.4682526857769638	-0.6236005
turn_right	180.613591	121.995513	-1.6179907571623133	-0.9988865
waggle	180.72874	120.918609	-0.704008	-0.647278
waggle	179.979305	121.417435	-0.829606	-0.7376654
waggle	177.796003	120.793839	-0.814471	-0.7273627
waggle	180.652899	120.439241	-0.167612	-0.1668283
waggle	181.870238	118.361944	-0.808537	-0.7232777
waggle	181.332291	118.783568	-0.864441	-0.7607326
waggle	184.201282	120.679343	-0.734058	-0.6698881
waggle	182.773742	116.665885	0.42379214317629593	0.4112201
waggle	183.959724	120.563218	-0.192029	-0.190851
waggle	184.210378	117.130915	-0.80108	-0.7181081
waggle	186.078978	122.317377	-0.554755	-0.5267351
waggle	188.631427	119.550692	-1.023866	-0.854125
waggle	188.293777	119.920321	-1.08904	-0.8861825
waggle	189.23624	120.555566	-1.096603	-0.8896614
waggle	187.197498	118.218393	0.4161205159147683	0.4042151
waggle	188.69246	121.464754	-1.210408	-0.93576
waggle	187.612625	119.878812	-1.098516	-0.8905332
waggle	189.543047	123.263803	-0.892648	-0.7787357
waggle	190.117047	118.595342	-1.017394	-0.8507412
waggle	190.998066	120.597442	-1.020655	-0.8524506
waggle	191.589884	120.399505	-0.937929	-0.8063349
waggle	190.347949	117.577546	-1.114135	-0.8975297
waggle	193.878503	122.383487	-0.66153	-0.6143248
waggle	188.488153	118.711253	-0.837377	-0.7428898
waggle	187.849832	119.152718	0.479626	0.4614474
waggle	187.503552	117.742868	-0.689737	-0.6363343
waggle	190.479678	120.757566	-1.091852	-0.8874819
waggle	191.058472	119.545841	-0.969416	-0.8245554
waggle	194.580387	117.193736	0.4353811375749216	0.421756
waggle	198.159043	121.061611	-0.818958	-0.7304346
waggle	195.018876	115.704398	-1.000781	-0.8418927
waggle	199.312952	118.461854	-0.653204	-0.6077339
waggle	197.912951	114.675389	-1.150136	-0.9128195
waggle	199.917434	117.577631	-0.96303	-0.8209256
waggle	200.174738	115.031513	-1.065966	-0.8752566
waggle	202.434263	116.821694	0.027360723827599968	0.02735731
waggle	203.007707	117.878972	-0.874465	-0.7672005
waggle	202.619396	113.164559	-1.010985	-0.8473553
waggle	206.566598	115.553776	-0.724766	-0.6629603
waggle	202.404394	114.35875	-1.058715	-0.8717266
waggle	204.737002	119.567205	-0.744789	-0.6778167
waggle	202.990966	115.673582	-1.79451	-0.9750803
waggle	205.13043	118.040928	-1.088979	-0.8861543
waggle	206.725099	114.204452	-1.045701	-0.8652762
waggle	207.771227	111.487916	-1.071661	-0.8779968
waggle	209.701725	113.854912	-0.815177	-0.727847
waggle	205.516548	110.980298	-1.037	-0.8608817
waggle	210.164464	113.703101	-0.887637	-0.7755823
waggle	205.316714	108.500788	-0.947359	-0.8118764
waggle	208.528457	109.221665	0.3429291675558002	0.3362471
waggle	202.836929	108.52613	-0.48604	-0.4671282
waggle	206.069003	111.897917	-0.587812	-0.5545416
waggle	210.937204	111.461742	-0.622274	-0.5828844
waggle	210.613884	107.515717	-0.261358	-0.2583927
waggle	210.952557	107.393154	0.37516	0.3664214
waggle	215.304171	105.338214	-0.315077	-0.3098897
turn_left	217.547865	109.658162	-0.8199059462203425	-0.7310817
turn_left	221.280879	108.713039	-1.2476283568415913	-0.9482341
turn_left	224.752049	106.352745	-2.025856407637381	-0.8982346
turn_left	221.553025	106.355277	-2.4231205429284075	-0.6582352
turn_left	220.18486	104.99365	3.480380653589793	-0.3323442
turn_left	221.084219	102.6081	3.4830496535897932	-0.3348603
turn_left	219.321758	102.041815	3.591494653589793	-0.4348773
turn_left	219.427821	101.57123	3.6043456535897933	-0.4464133
turn_left	216.586884	100.201803	3.719741653589793	-0.5464747
turn_left	215.637924	99.24214	3.776720653589793	-0.5932806
turn_left	215.120499	99.398269	4.060019653589793	-0.7946477
turn_left	215.152733	99.05503	4.104242653589793	-0.8207085
turn_left	213.332308	98.038356	4.153915653589793	-0.8480651
turn_left	212.752237	96.421568	4.298145653589793	-0.9154211
turn_left	213.115277	97.956802	4.329230653589793	-0.9274885
turn_left	211.71182	96.644114	4.428318653589793	-0.9599226
turn_left	211.298191	95.490203	4.540763653589793	-0.9853085
turn_left	209.741889	95.822695	-3.003540780233101	-0.1376138
turn_left	209.088322	94.574362	3.0954144373018853	0.04616181
turn_left	208.226919	94.042916	2.937669495503332	0.2025127
turn_left	207.643357	94.123114	3.095806597395776	0.04577006
turn_left	206.288357	94.396962	3.0719162518756415	0.06962004
turn_left	204.308897	94.835968	3.039879307250945	0.1015381
turn_left	201.474344	94.724971	-2.9119416392245974	-0.2276377
turn_left	198.900724	95.119465	3.057562527809589	0.08393127
turn_left	196.884359	92.919934	2.903385649597935	0.2359606
turn_left	192.617556	95.964263	2.892313323140496	0.2467056
turn_left	191.135454	95.463882	2.024832	0.8986844
turn_left	188.032347	94.055965	2.322708	0.7303845
turn_left	185.63587	95.04868	2.273547	0.7630673
turn_left	183.433653	97.416525	2.350497	0.711124
turn_left	182.401052	98.077387	2.518584	0.5834812
turn_left	181.454809	101.109625	2.712638	0.4159204
turn_left	185.122693	102.736641	2.811628	0.3240096
turn_left	186.407281	103.444649	2.740594	0.390338
turn_left	184.786558	102.873363	2.0934835783570414	0.8664808
turn_left	184.349822	101.992585	1.7201585686700545	0.9888662
turn_left	184.049729	102.402521	1.7324867372406318	0.9869566
turn_left	184.150041	103.323541	1.4976981611900684	0.9973295
turn_left	185.711661	103.730541	0.261006653589793	0.2580532
turn_left	185.233879	104.502067	0.2634326535897933	0.2603963
turn_left	184.576172	105.259526	0.37934065358979296	0.3703081
turn_left	185.039038	104.952426	0.619043653589793	0.5802565
turn_left	184.778865	104.904728	0.7084896535897931	0.6506876
turn_left	185.51083	105.21701	0.7095856535897931	0.6515195
turn_left	185.735845	105.498943	0.7866736535897929	0.7080081
turn_left	185.049285	107.007357	0.8631166535897932	0.7598723
turn_left	182.389953	109.738309	1.125735653589793	0.9025845
turn_left	182.456561	110.816981	1.164314653589793	0.9185176
turn_left	182.628451	112.887837	1.2296386535897932	0.942368
turn_left	181.594276	113.937862	1.336151653589793	0.972597
turn_left	180.730626	114.101227	1.377809653589793	0.9814358
turn_left	183.541997	112.357937	1.494228653589793	0.9970701
turn_left	185.806827	109.845149	1.2922706535897932	0.9614618
turn_left	185.082192	111.351351	1.397290653589793	0.9849856
turn_left	184.277143	109.83117	1.5305086535897932	0.9991886
turn_left	184.887239	106.983891	1.472965653589793	0.9952184
turn_left	187.691624	110.948702	0.6297223486498962	0.5889204
turn_left	187.457471	108.869638	0.7864842436087601	0.7078743
turn_left	187.455539	107.505438	0.8860993216413198	0.7746107
turn_left	185.63775	106.325411	0.752878107928251	0.6837418
turn_left	191.930018	109.940826	1.178433659872781	0.9240082
turn_left	191.231883	115.754955	1.1319834437177576	0.9052567
turn_left	192.785693	118.037918	0.6193238431666847	0.5804847
turn_left	192.008306	116.850341	0.7074416138954465	0.6498915
turn_left	193.439512	120.861711	0.43612425590965787	0.4224297
turn_left	195.140716	116.011009	0.2904434826880012	0.2863772
turn_left	194.589383	120.937174	0.11089415455502293	0.110667
turn_left	193.68934	117.23236	0.17460185000829553	0.1737161
turn_left	193.043038	122.487655	0.004336897717861229	0.004336884
turn_left	192.247407	118.657192	-0.09376216268829388	-0.09362484
turn_left	195.214909	122.070244	-0.22980405860756112	-0.2277867
waggle	200.034761	118.049612	0.06638124800115851	0.06633251
waggle	200.182462	121.122781	-1.419339	-0.9885522
waggle	199.250078	122.283942	-1.260533	-0.9522532
waggle	199.222478	118.663366	-1.42877	-0.9899312
waggle	201.95803	125.720898	-0.951571	-0.8143283
waggle	201.732714	122.237599	-1.791169	-0.9758161
waggle	200.4792	124.384033	-1.14864	-0.9122076
waggle	198.652913	120.07378	-1.449392	-0.9926395
waggle	200.624141	118.95444	-1.391456	-0.9839616
waggle	204.203378	122.010456	-0.9984	-0.8406054
waggle	203.496588	117.179389	-0.4448438559559831	-0.4303169
waggle	202.594582	120.819157	-1.282205	-0.9586457
waggle	204.987704	116.687408	-1.299755	-0.9634926
waggle	206.280089	116.260512	-1.225579	-0.9410019
waggle	206.956642	116.892149	-1.121103	-0.9005805
waggle	206.112019	113.170205	-1.233395	-0.9436181
waggle	206.186923	118.318574	-0.952822	-0.8150538
waggle	207.665108	111.857039	-1.056421	-0.8706002
waggle	209.100997	116.304936	-0.990124	-0.836094
waggle	208.350423	111.131296	-0.832408	-0.7395543
waggle	208.411485	115.276098	-0.476835	-0.4589695
waggle	210.143281	110.482942	-1.061079	-0.8728825
waggle	213.75564	114.049844	-0.943757	-0.8097682
waggle	210.0813	110.265553	-0.834005	-0.7406283
waggle	212.577245	111.184707	0.29795270479095215	0.2935637
waggle	216.01267	111.78958	-0.861354	-0.7587253
waggle	213.767798	107.573791	-1.122369	-0.90113
waggle	217.037582	111.351139	-1.070616	-0.8774961
waggle	210.729586	108.931029	-0.901945	-0.7845345
waggle	217.534094	109.289714	-1.010706	-0.8472071
waggle	213.279823	105.776534	-1.081516	-0.8826713
waggle	218.171762	107.488957	-1.278384	-0.9575513
waggle	222.056915	106.180167	-1.205319	-0.9339533
turn_right	219.522387	104.869059	-0.7333035826356432	-0.6693277
turn_right	220.57062	104.985205	-0.36852619643820694	-0.360241
turn_right	220.111909	100.305242	-0.17609884313556648	-0.1751901
turn_right	221.22338	99.446915	0.341571620327237	0.3349683
turn_right	221.065196	99.447553	1.1303436535897933	0.9045588
turn_right	219.447139	99.842866	1.016845653589793	0.8504529
turn_right	220.745738	99.215831	0.9118096535897933	0.7906131
turn_right	221.795609	98.60473	0.816573653589793	0.728804
turn_right	220.938434	99.34559	0.7860456535897931	0.7075645
turn_right	221.837896	99.652863	0.7264866535897929	0.6642475
turn_right	220.474238	99.361789	0.6693416535897931	0.6204698
turn_right	221.307511	101.176282	0.580886653589793	0.5487654
turn_right	223.136369	101.934595	0.520836653589793	0.497606
turn_right	222.820441	102.44878	0.4854836535897933	0.4666362
turn_right	222.830732	102.290942	0.38684065358979325	0.3772644
turn_right	224.204555	104.018321	0.38862465358979303	0.378916
turn_right	223.915729	103.007263	1.284721193690655	0.9593588
turn_right	226.277459	103.307402	1.8604777636469723	0.9583349
turn_right	223.341251	103.100864	1.912235155661472	0.9422739
turn_right	226.634363	104.11124	2.4184272058639524	0.6617612
turn_right	228.176408	104.305154	2.359118161606273	0.7050364
turn_right	227.63139	105.295902	2.6117784304459644	0.505373
turn_right	226.755681	104.865797	2.924709	0.2151873
turn_right	225.223202	105.916708	2.952408	0.1880582
turn_right	223.794274	108.606288	2.727143	0.4026862
turn_right	223.138918	108.199798	2.577514	0.5346374
turn_right	221.280267	109.008072	2.505054	0.5944155
turn_right	218.621947	110.19128	2.393282	0.6804017
turn_right	220.043373	111.60528	2.35674	0.7067209
turn_right	219.466184	111.87644	2.359459	0.7047947
turn_right	218.727782	111.923176	2.239734	0.7844809
turn_right	216.540409	112.800575	2.194513	0.8117133
turn_right	213.899495	114.101157	2.730494861121192	0.3996159
turn_right	211.974866	114.389178	2.8214684824976026	0.3146844
turn_right	210.826604	116.011397	2.714830899058212	0.4139252
turn_right	206.623111	117.660322	3.1171909814351695	0.02439925
turn_right	205.978852	118.683961	-3.0736921295210102	-0.06784836
turn_right	201.301871	120.045687	3.120102377749466	0.02148862
turn_right	198.020938	118.516212	-2.9268550457437654	-0.2130911
turn_right	195.883614	119.910347	-2.8425155949401395	-0.2946384
turn_right	194.709904	118.835152	2.911174527946551	0.2283846
turn_right	192.594403	117.550696	-2.9132877400490034	-0.2263267
turn_right	190.410275	115.993971	-2.865538771313667	-0.2725611
turn_right	187.256748	116.684583	-2.9403644951049275	-0.1998729
turn_right	184.825566	114.047953	-3.0807716436715222	-0.06078352
turn_right	183.697362	113.835488	3.0796900376293292	0.06186309
turn_left	182.274588	113.915291	2.954351287504112	0.1861492
turn_left	181.806908	113.133238	3.0074691112455945	0.1337218
turn_left	180.240938	113.358447	2.860076747864199	0.2778122
turn_left	178.359022	111.819931	2.704896449089132	0.422948
turn_left	176.67148	113.562644	2.246405356029756	0.7803262
turn_left	176.099324	112.937958	2.2531204045674746	0.7761093
turn_left	171.016517	114.623987	1.9021309470070895	0.945609
turn_left	171.272696	115.389057	1.9273030084703617	0.9371217
turn_left	173.225131	116.49441	1.3813855010065728	0.9821153
turn_left	171.654084	117.844453	1.1777802654060858	0.9237582
turn_left	170.684301	117.869917	0.27960765358979334	0.2759786
turn_left	170.508406	118.881542	0.2544566535897932	0.2517196
turn_left	172.220244	119.466073	0.44996665358979326	0.4349355
turn_left	173.331403	120.062471	0.5747766535897929	0.5436473
turn_left	170.450093	121.424646	0.6457656535897933	0.6018101
turn_left	169.593133	120.381619	0.7174246535897932	0.6574463
turn_left	171.23897	120.709872	0.747478653589793	0.6797918
turn_left	171.880972	119.739191	0.8041496535897932	0.720241
turn_left	173.357541	120.656735	0.8390536535897932	0.7440111
turn_left	173.893506	120.570756	0.9924416535897933	0.8373632
turn_left	176.166566	122.063874	0.8468146535897931	0.7491743
turn_left	176.537602	121.581089	1.060839653589793	0.8727657
turn_left	176.974481	125.472574	1.102735653589793	0.8924449
turn_left	180.539036	126.283555	1.0931736535897931	0.8880902
turn_left	179.974124	125.91538	0.2988690952719439	0.2944396
turn_left	179.479138	127.797075	0.21628690042993204	0.2146045
turn_left	181.885386	128.954079	-0.05661489911851412	-0.05658466
turn_left	183.582328	127.167457	0.2121086446208611	0.2105218
turn_left	182.713922	125.758682	-0.09241195457033835	-0.09228048
turn_left	181.769725	126.769423	0.24940207101726572	0.2468246
turn_left	183.2558	129.286525	-0.03551178387003383	-0.03550432
turn_left	185.285922	126.944879	0.07002105874216441	0.06996385
turn_left	184.350388	131.346279	-0.18486418767220425	-0.183813
waggle	187.286892	128.870566	-0.30566903717788957	-0.3009313
waggle	187.463322	129.373904	-1.3069769233974982	-0.965401
waggle	187.132517	132.503767	-1.467811	-0.9947017
waggle	188.412884	128.397397	-1.543209	-0.9996195
waggle	187.212716	132.056949	-1.455906	-0.9934074
waggle	191.289383	129.530499	0.12204598539156773	0.1217432
waggle	192.133744	128.336367	-0.9185889325546817	-0.794746
waggle	191.489924	130.139291	-0.1497875898393767	-0.1492281
waggle	193.773303	126.87643	-1.1412563665486037	-0.9091574
waggle	194.674504	132.239832	-0.7889167621073757	-0.7095904
waggle	195.433004	127.424174	0.018295075913171577	0.01829406
waggle	194.524803	131.111376	-1.0061065660353368	-0.8447547
waggle	194.148168	125.738776	-0.43406424683287914	-0.4205616
waggle	195.286651	130.247812	-1.395978	-0.9847582
waggle	196.429603	127.360655	0.2992585822760353	0.2948118
waggle	197.545362	128.828182	-1.543699	-0.9996329
waggle	199.070937	131.072409	-1.370882	-0.9800836
waggle	198.892494	126.670645	-0.11877925336724497	-0.1185002
waggle	197.993976	131.102436	-1.481157	-0.9959851
waggle	198.356594	125.495387	-0.16243737966115762	-0.161724
waggle	202.129271	128.979474	-0.20407945287481924	-0.2026658
waggle	201.242602	124.514418	-0.5432918093680301	-0.5169566
waggle	201.886088	126.403975	-0.306890458346822	-0.3020958
waggle	200.922442	129.566266	-0.43784966579210893	-0.423993
waggle	202.744861	126.134046	0.030817482283248317	0.0308126
waggle	203.36923	130.762407	-1.336999	-0.9727937
waggle	202.684564	124.07427	-1.322936	-0.9694396
waggle	204.844566	128.39091	-1.235258	-0.9442332
waggle	204.206323	125.51339	0.19720957854884538	0.1959338
waggle	206.028156	129.555937	-1.168731	-0.9202548
waggle	205.874497	125.920848	-1.22697	-0.9414717
waggle	207.573249	126.245124	-1.262855	-0.9529596
waggle	208.953022	121.888802	-1.18349	-0.9259298
waggle	212.248815	121.571677	-1.265006	-0.9536093
waggle	215.047496	120.782955	-1.206273	-0.9342938
waggle	212.0	119.0	0.2461202332418715	0.243643
waggle	218.286788	121.915688	-0.895747	-0.7806761
waggle	219.271816	116.30796	-0.999705	-0.8413116
waggle	222.459759	122.501337	-0.732837	-0.668981
waggle	220.861484	117.760612	-1.18575	-0.926781
waggle	223.042416	118.886192	-0.777153	-0.7012526
waggle	222.929016	116.014963	-0.738046	-0.6728437
waggle	223.436293	118.16812	-0.358485	-0.3508559
waggle	224.735248	119.692168	-0.273922	-0.2705093
waggle	223.958007	119.349316	-0.303158	-0.2985357
turn_left	223.400389	119.640059	-1.225039233438178	-0.9408191
turn_left	223.937276	118.935153	-1.6192692801347501	-0.9988254
turn_left	222.040543	116.399602	-1.573925200512441	-0.9999951
turn_left	220.888031	114.516793	-1.6017913561060688	-0.9995197
turn_left	219.312329	113.350959	-1.4783603095706517	-0.9957308
turn_left	220.887137	110.106971	-1.5461374167993467	-0.999696
turn_left	219.78656	109.402663	-1.853087447021884	-0.9604198
turn_left	221.567003	107.155169	-1.9209350727931649	-0.9393251
turn_left	221.36783	106.11827	-1.9662452528312164	-0.9228237
turn_left	221.026327	103.997621	3.643269653589793	-0.4808966
turn_left	220.217028	102.823147	3.778925653589793	-0.5950541
turn_left	220.673907	99.063104	3.885089653589793	-0.6768662
turn_left	219.623818	97.274626	3.921428653589793	-0.7031628
turn_left	219.082231	95.928128	3.999963653589793	-0.7567787
turn_left	218.137965	93.398708	4.154459653589793	-0.8483532
turn_left	218.307756	90.680615	4.202593653589793	-0.8728444
turn_left	217.557226	88.953692	-2.7727931656104396	-0.3604959
turn_left	217.126174	88.819798	3.029580922254613	0.1117776
turn_left	216.237952	88.621207	3.055281116630374	0.08620441
turn_left	216.356841	88.840729	2.86542187279318	0.2726735
turn_left	215.457086	87.695153	2.788876318038593	0.3454482
turn_left	212.157951	88.2799	2.8999138608120014	0.239333
turn_left	209.962558	88.581156	2.6296326325503347	0.4898869
turn_left	208.375048	89.833664	2.7587984408605233	0.3735139
turn_left	205.250179	90.3767	2.506373506816285	0.5933539
turn_left	203.655991	91.600634	1.943817	0.9312308
turn_left	199.561605	93.067763	2.163194	0.8296043
turn_left	196.461782	92.976255	2.268011	0.7666336
turn_left	198.602644	94.6701	2.409847	0.6681694
turn_left	197.718639	97.135508	2.463311	0.627456
turn_left	195.680775	98.764169	2.539503	0.5663659
turn_left	193.882382	102.835197	2.400959	0.6747557
turn_left	193.134587	103.163189	2.494864	0.6025789
turn_left	193.256606	106.113763	2.0223771275038045	0.8997584
turn_left	191.05262	107.453573	1.789227429142802	0.9762386
turn_left	187.859082	109.468903	2.1738684683574654	0.8235971
turn_left	187.211618	110.538731	2.1368525553641744	0.8440226
turn_left	190.020989	112.70995	2.300273408132669	0.745523
turn_left	193.363663	113.314862	2.3251285143546214	0.728729
turn_left	191.972054	114.210623	2.4856985876960884	0.609868
turn_left	192.740846	115.099266	2.3542287068626173	0.7084954
turn_left	188.3887	114.716395	2.260088479310479	0.7716964
turn_left	189.376401	115.259006	2.237222605994536	0.7860359
turn_left	185.071807	115.959157	2.162089654741836	0.8302204
turn_left	180.796898	120.927136	2.133269301394974	0.8459389
turn_left	181.604147	120.756619	1.9522974949705911	0.9281068
turn_left	179.441615	121.093025	0.9552646535897931	0.8164666
turn_left	178.057094	120.973375	0.9956856535897933	0.8391321
turn_left	177.090297	121.432063	1.1391026535897932	0.9082584
turn_left	177.529737	123.663836	1.216911653589793	0.9380336
turn_left	178.115415	124.090201	1.2462376535897932	0.9477916
turn_left	178.688532	125.001089	0.7110875714758625	0.6526582
turn_left	178.610004	125.132917	1.363452653589793	0.9785812
turn_left	181.229078	122.943568	0.28900013508576317	0.284994
turn_left	181.812965	126.677753	0.08848897541068326	0.08837354
turn_left	182.57065	124.07169	-0.19522592774312936	-0.1939882
waggle	187.379375	126.363036	-0.5309867691735721	-0.5063845
waggle	187.528527	127.676716	-0.4891132995606134	-0.4698433
waggle	188.447679	122.661091	-0.18659210395805162	-0.1855112
waggle	187.612211	128.091173	-0.7282252029696514	-0.6655461
waggle	188.130415	124.85677	0.08217559737630652	0.08208314
waggle	190.745715	124.148796	-0.7490980537610927	-0.6809785
waggle	187.963354	125.953186	-1.107447	-0.8945605
waggle	189.928118	124.18969	-1.590412	-0.9998076
waggle	189.912049	129.596163	-0.4417301957228057	-0.4275042
waggle	192.110115	125.034177	-0.927013608134159	-0.799831
waggle	191.093033	125.449631	-0.7676656000957373	-0.6944575
waggle	194.431685	125.079961	-0.7212984174265622	-0.6603603
waggle	195.624863	122.941295	-0.20944956659440497	-0.2079215
waggle	196.887925	127.85873	-0.6918345384973275	-0.637951
waggle	197.664064	123.026285	-0.07891550919256053	-0.07883362
waggle	197.213717	128.439512	-0.994274	-0.8383634
waggle	197.192526	125.703788	-0.8443873451877913	-0.7475643
waggle	197.590154	126.455178	-0.8571272997271185	-0.7559652
waggle	198.083116	121.211358	-0.26413005390508937	-0.2610696
waggle	199.381998	123.275923	-0.7095558634337282	-0.6514969
waggle	201.345007	126.128035	-1.235739	-0.9443915
waggle	199.950092	122.361709	0.018019223079416564	0.01801825
waggle	202.297504	126.476641	-1.228915	-0.9421256
waggle	202.421916	121.425012	-0.5157968400870827	-0.4932282
waggle	203.836451	125.213606	-0.5149754180368358	-0.4925135
waggle	203.637866	120.080545	0.33366728386003125	0.3275102
waggle	204.443414	126.012624	-1.352796	-0.9763319
waggle	208.059281	121.081688	-1.504392	-0.997796
waggle	207.446027	121.287151	-1.49915	-0.9974345
waggle	206.659455	124.713688	-1.468038	-0.994725
waggle	207.780069	120.799178	-0.021009900848255204	-0.02100836
waggle	209.762245	125.129134	-1.296337	-0.9625719
waggle	210.078242	123.178245	-1.566205	-0.9999895
waggle	212.488225	122.584408	-1.591866	-0.999778
waggle	213.404276	125.550498	-1.420726	-0.9887606
waggle	213.200456	120.657997	-0.33096959893738215	-0.3249602
waggle	209.302497	119.294767	-0.640478	-0.5975788
waggle	212.200979	118.864427	-1.5979	-0.9996327
waggle	211.443693	122.017937	-0.564552	-0.5350374
waggle	213.059098	118.02542	0.21356920595659623	0.2119494
waggle	213.590222	116.940457	-0.646916	-0.6027284
waggle	216.548262	118.839334	-1.402821	-0.9859253
waggle	219.308886	117.665921	-0.36717418086636106	-0.3589794
waggle	221.553086	119.724758	-1.769612	-0.9803012
turn_right	222.012823	115.048756	-0.07447705119957354	-0.07440822
turn_right	220.015765	117.057328	0.2774757406676251	0.2739288
turn_right	221.728061	113.157912	1.0417746535897932	0.8633012
turn_right	222.509279	114.372591	0.9515486535897932	0.8143154
turn_right	222.846937	113.816649	0.827766653589793	0.7364223
turn_right	223.113529	114.247042	0.617350653589793	0.5788769
turn_right	225.499459	115.969919	0.5798116535897933	0.5478664
turn_right	227.151202	116.436564	0.41648565358979317	0.404549
turn_right	229.088559	117.828124	0.25170565358979324	0.2490562
turn_right	227.709319	119.614793	0.392055653589793	0.3820889
turn_right	229.185006	120.871656	1.249722986181348	0.9488972
turn_right	230.6171	122.766366	1.5836551443102267	0.9999173
turn_right	231.862796	123.394623	1.785726845610994	0.9769912
turn_right	232.208063	124.903409	2.2714486784993526	0.7644218
turn_right	232.024081	125.43639	2.5233320124887606	0.5796187
turn_right	229.818155	125.959833	2.2541669299077767	0.7754489
turn_right	229.551338	126.299821	2.5332766417539063	0.5714864
turn_right	227.868512	127.716827	3.109102	0.03248494
turn_right	226.27651	128.777993	3.07902	0.06253183
turn_right	225.658269	128.879934	3.01801	0.1232683
turn_right	226.329459	130.380418	2.78155	0.3523142
turn_right	224.684182	131.81611	2.765819	0.3669923
turn_right	221.084764	133.871137	2.643149	0.4780591
turn_right	218.55735	133.712738	2.484378	0.6109141
turn_right	217.148202	133.532783	2.389556	0.6831275
turn_right	215.342411	135.154665	2.30541	0.7420898
turn_right	213.410948	136.986999	2.253314	0.7759872
turn_right	212.677361	137.562726	2.145451	0.8393801
turn_right	212.45025	139.145475	2.058053	0.8836206
turn_right	210.970379	141.206313	1.969743	0.9214707
turn_right	208.401895	141.948487	1.855023	0.9598788
turn_right	207.483425	145.179102	2.4876129420530186	0.6083498
turn_right	205.765958	145.250197	2.9895840929423305	0.1514238
turn_right	204.218812	146.319281	-3.0964394557102763	-0.04513786
turn_right	202.609683	147.453718	-3.1240560135810482	-0.01753574
turn_right	200.0348	146.229885	3.103398190933178	0.03818518
turn_right	196.517184	145.116806	2.8264148742605486	0.3099855
turn_right	193.569068	144.797507	2.937799353396085	0.2023856
turn_right	192.067567	144.810511	2.6230201244917577	0.4956408
turn_right	189.19447	144.497522	2.427059012958721	0.6552652
turn_right	186.682616	144.041278	2.245789817219917	0.780711
turn_right	187.219906	146.185634	1.715009	0.9896194
turn_left	186.427036	144.443488	1.90419	0.9449372
turn_left	183.156999	147.903457	1.922631	0.938742
turn_left	181.215017	150.248839	2.185256	0.8170851
turn_left	180.807946	153.37715	2.15189	0.8358628
turn_left	180.005488	155.088659	2.175912	0.8224363
turn_left	179.678249	154.248718	2.344198	0.7155385
turn_left	179.790257	156.977391	1.8985378593208888	0.9467718
turn_left	178.243435	156.968741	1.7752177280988672	0.9791786
turn_left	172.798775	156.668464	1.3116309752092248	0.9666042
turn_left	172.325435	158.903337	1.1786489618066487	0.9240905
turn_left	173.035231	160.293181	0.9511803133966589	0.8141015
turn_left	173.466154	163.484218	1.4689077100722139	0.9948138
turn_left	173.774687	168.777759	0.709500886946421	0.6514552
turn_left	173.524082	167.003631	0.22548165358979322	0.2235758
turn_left	174.614254	166.791992	0.41864665358979325	0.4065244
turn_left	174.286551	166.289675	0.4856476535897931	0.4667812
turn_left	172.429119	167.44221	0.7073286535897929	0.6498056
turn_left	174.266736	167.608244	0.7656206535897931	0.6929846
turn_left	174.390224	168.201888	0.826149653589793	0.7353274
turn_left	176.429991	170.538487	1.0458636535897932	0.8653577
turn_left	176.832964	171.165493	1.126309653589793	0.9028315
turn_left	177.0139	170.38449	0.31989853576499194	0.3144702
turn_left	176.428652	172.585706	0.11425978937587752	0.1140113
turn_left	177.465789	173.439174	-0.48923745392742213	-0.4699529
turn_left	179.389288	174.000206	0.11504421468032582	0.1147906
turn_left	179.618141	173.406948	-0.5194235542966157	-0.4963798
turn_left	179.839658	174.011828	0.09592667369377159	0.09577962
turn_left	179.460885	179.586477	-0.2519788486519397	-0.2493208
turn_left	179.669329	178.815714	-1.175938	-0.9230511
turn_left	178.808427	176.444809	-1.183886	-0.9260793
turn_left	179.558062	174.572275	-0.16284709192128824	-0.1621283
turn_left	178.65892	176.282539	-0.33710356035922917	-0.3307551
turn_left	179.71092	174.540254	-0.35895324376602905	-0.3512944
turn_left	181.097068	172.227812	-0.0709259033712642	-0.07086645
turn_left	182.161706	171.629889	-0.039300344588330954	-0.03929023
waggle	182.742527	173.829443	-0.13582934860038692	-0.1354121
waggle	183.943543	173.262366	-0.49887847168147925	-0.478441
waggle	184.273929	174.856615	-1.306794	-0.9653533
waggle	182.826016	171.969658	-1.390774	-0.9838397
waggle	183.843723	173.102257	-0.07641912435180193	-0.07634477
waggle	187.428098	173.323695	-0.1644946991078098	-0.1637539
waggle	188.853467	171.038056	-0.6283714303049469	-0.587828
waggle	189.61745	174.608514	-1.105948	-0.8938896
waggle	191.552998	170.054387	-0.6082210717432708	-0.5714085
waggle	195.655127	171.67158	-0.5077419902160489	-0.4862053
waggle	192.393536	165.909753	0.21524848433870125	0.2135902
waggle	192.669704	168.806891	-0.12744374410134798	-0.127099
waggle	195.596584	171.877874	-0.09061040662940648	-0.09048647
waggle	195.72919	173.334471	-0.2626624143086224	-0.2596526
waggle	195.011472	172.858425	0.4076625286354599	0.3964645
waggle	194.024505	171.313302	-0.1165561105220684	-0.1162924
waggle	196.53949	174.33575	-0.24581647002299353	-0.2433483
waggle	196.854042	170.741398	-0.2768998441989023	-0.2733749
waggle	200.039864	175.192901	-1.042305	-0.8635688
waggle	197.79556	172.012109	-1.251595	-0.9494864
waggle	202.901219	175.892673	-1.237502	-0.9449697
waggle	203.866784	170.844865	-0.22661412994186397	-0.2246795
waggle	207.434549	176.233005	-1.163863	-0.9183389
waggle	206.918589	173.586193	-1.245471	-0.9475468
waggle	205.118959	173.299521	-1.282175	-0.9586372
waggle	207.295312	173.746127	-1.129913	-0.9043751
waggle	206.110334	171.194774	-1.292411	-0.9615004
waggle	207.574325	174.379218	-1.174195	-0.9223792
waggle	207.0	169.0	0.05812040118852818	0.05808769
waggle	208.876084	173.389711	-0.876715	-0.7686417
waggle	208.605216	168.534443	-0.990342	-0.8362136
waggle	210.875617	172.250376	-1.024814	-0.8546176
waggle	212.179813	167.455032	-1.007983	-0.8457574
waggle	213.354026	170.010947	-0.98254	-0.8319095
waggle	215.788512	167.058134	-1.10968	-0.8955563
waggle	214.597214	166.154667	-1.193897	-0.9298103
waggle	218.112527	168.263449	-0.90278	-0.785052
waggle	213.338068	164.952823	-1.083669	-0.8836812
waggle	213.217029	168.443174	-0.307185	-0.3023766
waggle	214.448086	165.004659	-0.911811	-0.7906139
waggle	219.819165	168.461074	-0.599385	-0.5641348
waggle	215.74731	164.701821	-1.118467	-0.8994315
turn_right	219.014144	165.668932	-0.456308879698663	-0.4406377
turn_right	220.687522	160.87085	-0.9527909545635688	-0.8150358
turn_right	221.516416	159.914226	-0.36974182649937265	-0.3613747
turn_right	224.322363	158.209636	0.7637913145942785	0.6916646
turn_right	221.958384	159.321442	0.6786308544453052	0.6277278
turn_right	221.086443	158.37938	0.9218235483563271	0.796705
turn_right	223.586115	155.586524	1.259087653589793	0.9518109
turn_right	225.297271	156.579615	0.9866756535897929	0.8341973
turn_right	224.151124	154.643715	0.8842926535897933	0.7734668
turn_right	227.688819	154.422527	0.8823126535897932	0.7722103
turn_right	231.18326	154.484987	0.7725436535897932	0.6979591
turn_right	230.680946	154.958962	0.4081776535897932	0.3969374
turn_right	230.0	155.0	0.5256486535897933	0.5017742
turn_right	230.0	156.0	0.44246465358979314	0.4281681
turn_right	230.0	157.0	0.334216653589793	0.3280293
turn_right	230.0	158.0	0.3144796535897929	0.3093217
turn_right	229.0	159.0	1.2066814023261598	0.9344393
turn_right	229.0	159.0	1.4359948289897317	0.990928
turn_right	228.0	160.0	1.2974230747010782	0.9628657
turn_right	227.0	160.0	0.8072821736457555	0.7224106
turn_right	227.337554	159.117699	1.9312581770418198	0.935734
turn_right	226.377258	161.522332	2.80391	0.3313015
turn_right	227.059218	162.968434	2.7809659999999994	0.3528606
turn_right	225.778816	164.288631	2.6793700000000005	0.4459386
turn_right	225.455277	165.292523	2.6101100000000006	0.506812
turn_right	225.657702	164.933043	2.5849980000000006	0.5282979
turn_right	223.432269	164.272346	2.4774270000000005	0.6164024
turn_right	221.515547	164.880224	2.4337739999999997	0.650178
turn_right	220.67138	166.073057	2.3812300000000004	0.6891843
turn_right	217.959251	169.306432	2.2652	0.7684354
turn_right	216.948273	169.64013	2.1094480000000004	0.8584011
turn_right	215.393169	170.323931	1.995121000000001	0.911317
turn_right	216.640562	171.007096	3.089414884308312	0.0521541
turn_right	214.497417	171.641147	2.900954147631907	0.2383228
turn_right	213.278036	171.107849	-3.006819254970386	-0.1343658
turn_right	210.03432	170.37107	3.0895986921479843	0.05197054
turn_right	208.009359	170.597446	-2.875170421695895	-0.2632816
turn_right	207.193469	169.35793	3.0977403775844037	0.04383822
turn_right	205.665265	169.686871	-2.9338181963610084	-0.2062827
turn_right	203.366317	170.785991	-2.916699404993765	-0.2230023
turn_right	201.976397	168.534137	-2.950607549257879	-0.1898262
turn_right	200.25266	168.541392	-2.968933196132825	-0.1718029
turn_right	200.240351	168.641076	-3.0020496504281287	-0.1390906
turn_right	199.849067	167.556833	-3.0131560078341	-0.1280838
turn_right	195.867818	168.180668	-3.0298519007904607	-0.1115084
turn_right	193.380567	166.377803	-2.979796460677728	-0.1610912
turn_right	189.791585	165.251247	4.162434653589793	-0.8525484
turn_right	186.457344	164.387183	4.149038653589793	-0.8454707
turn_right	185.050417	164.775653	4.071440653589793	-0.8015291
turn_right	181.423713	165.32657	4.092421653589793	-0.8138974
turn_right	177.589773	162.677207	4.011694653589793	-0.7643947
turn_right	175.214583	160.111415	4.001846653589793	-0.7580083
turn_right	172.041974	158.909602	3.7545206535897933	-0.5752649
turn_right	169.439511	161.135711	3.612487653589793	-0.4536841
turn_right	169.855559	161.123834	3.491384653589793	-0.3427024
turn_right	169.63463	159.272604	3.404460653589793	-0.2598511
turn_right	171.13521	158.962941	3.258620653589793	-0.1167611
turn_right	167.781211	158.257712	3.2313596535897933	-0.08964649
turn_right	166.813781	156.847124	3.235704653589793	-0.09397314
turn_right	164.968655	156.951369	3.1244056535897933	0.01718615
turn_right	162.677241	157.76074	-2.2988692171859912	-0.7464581
turn_right	160.629088	156.568284	-1.850165521910908	-0.9612296
turn_right	159.893225	153.722932	-1.4037098434596265	-0.9860735
turn_right	159.524588	153.072213	5.628596307179587	-0.6088332
turn_right	161.380008	151.004138	5.387479307179586	-0.7806505
waggle	160.617083	150.324932	5.279594307179586	-0.8434058
waggle	161.450764	150.879078	5.328182307179587	-0.8163155
waggle	159.336149	147.33827	5.2344253071795865	-0.8668056
waggle	160.164714	150.903821	5.320780307179586	-0.8205685
waggle	163.030749	154.192737	5.730686307179586	-0.5248161
waggle	155.894997	148.570027	5.356042307179586	-0.7999087
waggle	153.708539	148.687552	6.017769307179586	-0.2623107
waggle	154.922944	148.281759	5.053282307179586	-0.9424564
waggle	156.252589	149.696212	5.708052307179586	-0.5439464
waggle	162.463502	150.026564	5.487546307179587	-0.7143109
waggle	162.577301	149.148784	5.184300307179586	-0.890701
waggle	165.97972	151.914748	5.689933307179587	-0.5590603
waggle	161.073663	149.988011	5.2951393071795865	-0.8349522
waggle	161.368309	149.999008	5.993218307179586	-0.2859206
waggle	162.951241	149.65535	0.26451201160670973	0.2614383
waggle	167.551632	150.982802	5.474518307179586	-0.7233674
waggle	169.427667	149.796374	5.289964307179586	-0.837789
waggle	169.568503	149.943591	5.244718307179586	-0.8616272
waggle	169.934628	152.881541	5.3749863071795865	-0.7883971
waggle	166.835008	150.187034	5.118853307179586	-0.9185244
waggle	170.648613	153.816483	5.251747307179587	-0.8580384
waggle	171.944898	149.106361	5.290712307179586	-0.8373803
waggle	176.725243	150.286349	5.712450307179586	-0.5402507
waggle	174.272035	145.115763	5.491581307179587	-0.7114813
waggle	175.719285	151.260038	5.637589307179587	-0.6016746
waggle	173.409472	145.38451	5.089318307179586	-0.9297992
waggle	177.096374	146.689417	-0.09706288008587449	-0.09691054
waggle	177.482173	145.770263	5.612842307179586	-0.6212548
waggle	176.234844	142.038385	5.457392307179586	-0.7350856
waggle	178.349666	145.13783	5.607308307179586	-0.6255818
waggle	175.953426	141.995366	5.450666307179587	-0.739629
waggle	178.492574	144.610848	0.08274899999999974	0.0826546
waggle	179.169999	141.402249	5.756042307179586	-0.5030662
waggle	180.129503	147.486061	5.858532307179586	-0.4120046
waggle	178.182108	143.835854	5.412240307179586	-0.764938
waggle	181.468044	145.697197	5.754799307179586	-0.5041401
waggle	182.085084	146.991612	5.756036307179587	-0.5030714
waggle	181.001236	142.307617	5.5561703071795865	-0.6646423
waggle	186.000595	142.763509	5.942781307179587	-0.3338679
waggle	180.560147	141.868846	5.655412307179587	-0.5873438
waggle	185.666336	143.491936	5.8098683071795865	-0.4558411
waggle	183.517046	140.1882	5.726757307179586	-0.5281564
waggle	186.9543	140.245383	5.922373307179586	-0.3530341
waggle	184.791827	136.025255	5.850316307179586	-0.4194769
waggle	188.669745	137.416169	5.790328307179586	-0.4731448
waggle	182.86325	136.058807	5.834481307179586	-0.4337982
waggle	186.175153	134.080396	5.687641307179586	-0.5609592
waggle	189.768953	136.333043	5.998984307179587	-0.2803906
waggle	188.442422	136.599196	4.810683307179586	-0.995173
waggle	191.123237	132.264011	5.549261307179586	-0.6697886
waggle	190.644941	133.10554	4.563621307179586	-0.9889545
waggle	191.816396	132.307409	5.389770307179586	-0.7792167
waggle	191.556311	128.970124	6.195898307179586	-0.0871762
waggle	195.352735	127.779669	6.1437253071795865	-0.1390084
waggle	195.18965	124.457234	6.064512307179586	-0.2169344
waggle	195.800759	122.721686	6.061990307179586	-0.2193957
turn_left	199.146072	120.509685	-1.085533536019784	-0.8845524
turn_left	198.128693	121.148417	-1.585661329246673	-0.9998895
turn_left	198.508146	122.195922	-2.180684049240334	-0.8197123
turn_left	199.786161	121.198851	3.6145246535897932	-0.4554984
turn_left	200.701824	121.136827	3.8398836535897933	-0.6429096
turn_left	202.865793	121.935841	3.9102456535897936	-0.6951676
turn_left	202.690333	120.825558	3.9052506535897926	-0.6915683
turn_left	202.292267	119.549143	4.036930653589793	-0.7804205
turn_left	202.653743	118.787806	3.936713653589793	-0.7139483
turn_left	201.536542	119.040371	4.135317653589793	-0.838064
turn_left	197.21474	119.454651	4.0296656535897935	-0.7758574
turn_left	197.964903	114.097571	4.241459653589793	-0.891147
turn_left	196.764129	113.64077	4.290745653589793	-0.9124176
turn_left	195.408419	113.807281	4.174857653589793	-0.8589753
turn_left	193.767596	112.947073	-2.89144133141491	-0.2475506
turn_left	192.542587	111.663184	-3.1097596882276486	-0.03182759
turn_left	192.073052	113.019313	3.115308826650859	0.0262808
turn_left	190.521519	111.248922	-2.9987503089806227	-0.1423571
turn_left	190.949606	110.594044	3.0463125834751263	0.09513597
turn_left	190.265075	111.275877	3.111867164757604	0.02972111
turn_left	187.254401	109.766137	2.970727240479169	0.1700352
turn_left	185.041299	108.45885	2.9652030425668676	0.1754764
turn_left	182.9341	108.843317	2.9279561067311564	0.2120152
turn_left	180.661097	109.78843	2.909252298889552	0.2302556
turn_left	176.529864	111.612546	3.0456625551041077	0.09578303
turn_left	172.585157	112.02571	3.0209475017253884	0.1203527
turn_left	169.655502	111.050948	2.8991625647910855	0.2400624
turn_left	165.885281	110.554935	2.6570746689783915	0.4657819
turn_left	167.185981	109.614736	2.2829200000000007	0.7569759
turn_left	164.527562	110.349704	2.374504	0.6940422
turn_left	161.987862	110.699355	2.353045	0.7093303
turn_left	160.404111	111.228664	2.4687029999999996	0.6232484
turn_left	159.972843	112.551547	2.6089450000000003	0.507816
turn_left	158.972267	112.774673	2.650193999999999	0.4718595
turn_left	157.0	113.0	2.1692932677531	0.8261834
turn_left	154.0	116.0	1.4669856276383877	0.9946165
turn_left	149.0	120.0	1.700933056489276	0.9915442
turn_left	148.0	122.0	1.5914415446358179	0.9997869
turn_left	146.0	124.0	1.6325980941696316	0.9980909
turn_left	143.0	126.0	1.5173361773174374	0.9985713
turn_left	142.0	129.0	1.5326522341405378	0.9992726
turn_left	144.0	133.0	1.5798194297727308	0.9999593
turn_left	142.0	133.0	2.2508298645306315	0.7775516
turn_left	141.0	134.0	1.9488338403670122	0.9293908
turn_left	142.0	137.0	1.62806694754905	0.9983605
turn_left	144.0	137.0	1.6493483121780599	0.9969164
turn_left	143.0	137.0	1.7718674754090327	0.9798532
turn_left	144.0	136.0	1.7513525393694651	0.983744
turn_left	145.0	136.0	1.6595886321332747	0.9960606
turn_left	146.0	137.0	1.5746428191441186	0.9999926
turn_left	146.0	137.0	1.2119688020214003	0.9363092
turn_left	147.0	138.0	1.2019396535897933	0.9327402
turn_left	146.0	138.0	0.8248539325435296	0.7344487
turn_left	148.0	137.0	0.6683284668770626	0.6196749
turn_left	147.0	137.0	0.29900179178853725	0.2945664
turn_left	146.778774	135.018175	0.049002407362880765	0.0489828
waggle	147.200322	136.76929	0.1326971219531575	0.132308
waggle	148.538723	136.865935	-0.225031350724114	-0.2231369
waggle	153.600484	135.621563	0.1845174640505191	0.1834722
waggle	154.052989	132.815332	-0.37353116188344154	-0.3649054
waggle	154.321857	137.090319	0.20253960897417014	0.2011577
waggle	153.005972	134.130058	0.15242362041725382	0.1518341
waggle	154.138826	134.874077	0.07366013674947773	0.07359354
waggle	157.727508	136.607227	-0.12382334798815262	-0.1235072
waggle	156.307194	132.44533	0.1498361510483077	0.1492761
waggle	158.843828	136.948657	-0.4240727102726359	-0.4114758
waggle	159.593822	132.696982	0.19613991487169333	0.1948847
waggle	160.394434	132.719057	0.17992440084246983	0.1789552
waggle	160.651787	136.351581	-0.4930438159585257	-0.4733094
waggle	159.399752	131.842562	0.32115653264627286	0.3156642
waggle	161.008967	135.285301	-0.028032901198403896	-0.02802923
waggle	161.289627	131.119555	0.2284081952581038	0.2264273
waggle	161.25804	135.387238	0.2883146305897416	0.2843368
waggle	161.612651	135.816267	-0.056610867741927993	-0.05658063
waggle	160.574719	133.641435	0.26083522458622066	0.2578876
waggle	164.171749	137.420574	-0.24324210381249925	-0.2408506
waggle	161.696349	133.641673	-0.45266055292129614	-0.4373597
waggle	162.661664	137.481289	-0.1945828244813612	-0.1933572
waggle	165.099993	135.340029	0.14543667571949312	0.1449245
waggle	166.68776	135.324274	-0.4745341437643353	-0.4569241
waggle	166.945715	137.932847	0.10599341964738179	0.1057951
waggle	164.926767	133.767724	0.20135017891824966	0.1999924
waggle	167.807476	139.396331	-0.38857752419246283	-0.3788724
waggle	167.792264	134.14706	0.2302077036042371	0.2281798
waggle	169.194627	137.992603	-0.08886492204161582	-0.08874801
waggle	169.663545	135.110791	0.25427044714402064	0.2515394
waggle	173.243419	138.04031	-0.8135828978511928	-0.7267529
waggle	172.250119	134.858496	-0.5118657778235072	-0.4898047
waggle	175.177104	135.851456	-0.21116441274529824	-0.2095986
waggle	176.828778	136.227408	0.4893431338586388	0.4700462
waggle	174.92861	135.411131	-0.374699614019435	-0.365993
waggle	178.831703	138.142074	-0.2356017639027421	-0.2334282
waggle	178.479843	134.657007	-0.08043539963409471	-0.08034869
waggle	183.004767	139.551529	-0.5326117614120158	-0.5077851
waggle	180.940411	134.953686	0.503366387474694	0.4823771
waggle	179.431538	140.042422	-0.5400552317404909	-0.5141834
waggle	181.611147	135.914098	0.2062095065000165	0.2047512
waggle	183.827803	140.157989	-0.9752050012266754	-0.8278169
waggle	185.892172	138.028325	-0.029679025357229345	-0.02967467
waggle	186.655201	139.364966	-0.9524269583056223	-0.8148248
waggle	189.536249	139.0023	-0.2924251517857819	-0.2882753
waggle	188.342652	136.372026	-0.15319368213897908	-0.1525952
waggle	191.03094	140.764595	-0.4175731709630098	-0.4055433
waggle	193.291973	136.252018	-0.5334662058485908	-0.508521
waggle	194.822641	140.85934	-0.826342896344158	-0.7354584
waggle	198.0	134.0	-0.3552575621775062	-0.3478319
waggle	199.179599	135.001206	-0.26070556906284426	-0.2577623
waggle	203.013033	133.198933	-0.1499521089814505	-0.1493908
turn_right	204.641038	131.752332	-0.24053286877335803	-0.2382202
turn_right	206.668032	131.899138	0.9001366535897937	0.7834118
turn_right	207.653017	133.57865	0.8301066535897927	0.7380033
turn_right	206.231706	134.722626	0.7423606535897935	0.6760293
turn_right	207.653127	135.012147	0.6285566535897935	0.5879779
turn_right	210.233087	136.700544	0.5306126535897935	0.5060618
turn_right	214.154087	137.763531	1.1379423918034537	0.9077723
turn_right	215.852438	138.622279	1.7828150157362828	0.9776081
turn_right	215.28973	138.350716	1.7754377832534454	0.9791339
turn_right	213.572178	137.764117	1.800658068755523	0.9736979
turn_right	211.995487	141.825397	1.6551701089254856	0.9964426
turn_right	215.010388	143.093302	1.5932061047134738	0.9997489
turn_right	213.77471	144.02708	1.9830690253664918	0.9162125
turn_right	215.253659	143.525953	2.3046340442758737	0.7426097
turn_right	214.737305	144.030638	2.5300829999999994	0.5741042
turn_right	213.734809	143.191679	2.5833320000000004	0.5297117
turn_right	212.925621	146.310405	2.5030520000000003	0.5960243
turn_right	213.464181	146.42349	2.3528839999999995	0.7094438
turn_right	213.892687	148.042612	2.2830189999999995	0.7569112
turn_right	211.075415	148.739098	2.193536999999999	0.812283
turn_right	212.32891	149.576344	2.1021470000000004	0.8621235
turn_right	210.755914	149.640199	2.1802770000000002	0.8199454
turn_right	210.399456	149.684902	2.191662000000001	0.8133752
turn_right	207.92255	150.012253	2.223433	0.7944854
turn_right	205.576013	151.459635	2.158944	0.8319698
turn_right	203.879272	154.684286	2.0490709999999996	0.8877903
turn_right	201.035769	156.849491	1.7403459999999988	0.9856609
turn_right	199.146933	158.062626	2.620386192894208	0.4979268
turn_right	198.095255	159.685927	2.664871588178767	0.4588683
turn_right	196.774734	160.322277	2.922716553311423	0.2171327
turn_right	196.587778	162.047442	2.9735838571768327	0.1672195
turn_right	194.998858	161.855677	2.986786981551516	0.1541881
turn_right	191.396765	162.693298	-2.9844683012315656	-0.1564786
turn_right	188.983516	164.086886	-2.881992664036438	-0.256694
turn_right	188.387625	163.430448	4.301840653589793	-0.9169021
turn_right	188.147519	161.707989	-3.0826995276286957	-0.05885909
turn_right	186.151354	163.037886	-2.96007915096496	-0.1805184
turn_right	184.409909	162.892014	-2.80276380327579	-0.3323828
turn_right	182.271346	161.16336	-2.8440343420653136	-0.2931867
turn_right	179.824269	160.222707	-2.6350451179383008	-0.4851612
turn_right	178.070259	159.550265	-2.4170561131435546	-0.6627885
turn_right	176.683684	158.768891	-2.195078203762615	-0.8113831
turn_right	174.180203	159.338874	-1.6753052438496214	-0.9945439
turn_right	173.819349	160.128024	-1.2055349930582673	-0.9340304
waggle	172.602358	157.81051	-0.9264057170787731	-0.799466
waggle	171.294649	155.343219	-0.03549581102874377	-0.03548836
waggle	170.125969	155.648748	-0.7648107187214122	-0.6924004
waggle	170.596992	154.221964	6.015612307179586	-0.2643916
waggle	167.938211	155.705135	5.964722307179587	-0.3131072
waggle	169.667748	154.692107	5.873367307179587	-0.3984424
waggle	171.519161	154.925221	5.783011307179587	-0.4795782
waggle	170.390361	154.197732	5.622657307179587	-0.6135339
waggle	169.161325	154.133418	5.489648307179586	-0.7128383
waggle	169.496127	152.5027	5.535042307179587	-0.6802788
waggle	172.601252	154.453441	5.678804307179586	-0.5682528
waggle	171.096155	153.411929	5.490181307179586	-0.7124644
waggle	169.670348	153.048079	5.333891307179586	-0.8130046
waggle	170.272396	152.292239	5.375909307179587	-0.787829
waggle	175.709063	155.000136	5.494098307179586	-0.7097104
waggle	174.848389	151.283169	5.567437307179587	-0.656182
waggle	172.677268	149.935454	5.419508307179587	-0.7602364
waggle	175.87989	151.721378	5.579701307179587	-0.6468785
waggle	172.734488	148.459526	5.473663307179587	-0.7239575
waggle	172.639445	149.851535	0.09654499999999988	0.09639509
waggle	173.544554	148.971843	5.422992307179587	-0.7579685
waggle	177.104956	152.601658	5.509462307179586	-0.6988032
waggle	174.443915	150.329253	5.096219307179586	-0.9272371
waggle	179.386135	149.937913	-0.23903630658470112	-0.2367664
waggle	180.450215	151.654772	5.099026307179585	-0.9261823
waggle	177.646759	151.086486	-0.08688543039125605	-0.08677615
waggle	181.650259	153.530365	-0.30468436310663743	-0.2999921
waggle	180.618565	150.754602	-0.28318819479251656	-0.2794183
waggle	179.697355	152.438728	5.817076307179587	-0.4494138
waggle	179.918764	151.605164	5.038923307179587	-0.9471597
waggle	182.634548	155.653248	5.140067307179585	-0.9099311
waggle	181.909267	150.622897	5.201422307179586	-0.8827874
waggle	185.244769	156.553415	5.620601307179587	-0.6151561
waggle	185.421157	152.383484	5.199176307179586	-0.8838403
waggle	186.578493	152.723271	5.163221307179587	-0.9000848
waggle	189.037001	150.360478	5.2220463071795855	-0.8729117
waggle	187.512089	149.261125	5.127269307179587	-0.9151646
waggle	187.507828	154.094709	5.401940307179586	-0.7715315
waggle	187.018672	150.154227	0.036985960671949494	0.03697753
waggle	191.552853	153.011319	5.426820307179586	-0.755466
waggle	191.358445	148.712664	5.208631307179587	-0.8793779
waggle	191.357209	152.237329	5.155231307179587	-0.9035374
waggle	192.500232	150.295851	5.074873307179587	-0.9350188
waggle	192.775732	151.916895	5.137259307179587	-0.9110922
waggle	195.988547	146.450434	5.072927307179587	-0.935707
waggle	195.041186	144.591075	-0.5466811701756642	-0.519855
waggle	199.165997	148.721353	5.4918213071795865	-0.7113127
waggle	195.549546	144.841173	5.212069307179586	-0.8777358
waggle	200.796294	148.360495	5.250047307179585	-0.8589103
waggle	198.668701	143.926706	5.156244307179586	-0.9031028
waggle	199.512558	147.325703	5.245045307179586	-0.8614612
waggle	199.507538	143.122429	5.388061307179587	-0.7802866
waggle	198.111414	143.552397	5.191960307179587	-0.8871928
waggle	200.393403	147.164952	5.4180873071795865	-0.7611588
waggle	198.091838	143.06266	5.343855307179586	-0.8071628
waggle	194.938974	142.868083	6.232637307179587	-0.05052648
waggle	195.375268	142.90444	5.390134307179586	-0.7789885
waggle	198.094582	144.264761	0.1935260000000003	0.1923203
waggle	198.722386	144.028268	0.5686660000000003	0.5385085
turn_left	199.847988	141.721375	5.582695461755186	-0.6445923
turn_left	203.638759	137.26959	-0.9916250915839268	-0.8369165
turn_left	205.655338	137.694149	-1.2170954727775363	-0.9380973
turn_left	205.296117	137.339418	-1.3773396470620263	-0.9813455
turn_left	208.693402	138.825037	-1.3700526792630785	-0.9799186
turn_left	206.0	136.0	-1.5583231165143538	-0.9999222
turn_left	208.186824	135.188604	-1.2750769734432534	-0.9565928
turn_left	207.958141	136.756021	-1.5926901124429313	-0.9997603
turn_left	209.63975	132.681445	-1.5866774857422328	-0.9998739
turn_left	210.474515	132.886433	-1.952887978170517	-0.9278868
turn_left	210.731657	131.451629	-2.0728737428454154	-0.8765847
turn_left	209.332005	129.279774	3.6629126535897933	-0.4980252
turn_left	207.899083	127.242204	3.794727653589793	-0.6076792
turn_left	205.476078	126.380319	3.821404653589793	-0.6286468
turn_left	205.855878	126.580823	3.809711653589793	-0.6195105
turn_left	206.284538	125.076265	4.076431653589793	-0.8045035
turn_left	206.149829	124.682652	4.097231653589793	-0.8166827
turn_left	205.245015	125.01537	4.164284653589793	-0.8535138
turn_left	202.949418	122.302629	4.303623653589793	-0.9176123
turn_left	201.501456	119.426655	4.364808653589793	-0.9401997
turn_left	199.61104	117.601636	-2.9457644410352692	-0.194579
turn_left	197.099194	118.195988	-3.001758862886739	-0.1393785
turn_left	195.142991	118.01095	3.2633904109822023	-0.1214968
turn_left	193.318677	117.229045	3.1301276177076582	0.01146478
turn_left	190.659829	116.413508	2.9985355413396473	0.1425697
turn_left	188.090649	117.078869	2.825760568645876	0.3106075
turn_left	186.339347	115.243097	2.6634691746984878	0.4601139
turn_left	190.475855	117.166192	2.720599283741207	0.4086673
turn_left	188.294096	117.177764	2.8108683644687424	0.3247282
turn_left	184.623647	116.185839	2.7498904336536416	0.3817623
turn_left	180.421109	117.321407	2.6104151955331076	0.5065489
turn_left	176.16324	120.797815	1.861675	0.9579922
turn_left	174.379413	120.670873	1.8256250000000005	0.9677065
turn_left	174.930431	119.394148	2.5771270488786575	0.5349644
turn_left	173.914834	119.939648	2.5446705957199	0.5620995
turn_left	171.370029	121.188557	2.2362839999999995	0.7866158
turn_left	169.293082	123.451208	2.3059379999999994	0.7417357
turn_left	168.1848	125.477831	2.3787959999999995	0.6909459
turn_left	167.671764	124.440667	2.430993000000001	0.6522884
turn_left	165.582589	126.904961	2.4383230000000005	0.646715
turn_left	164.890446	127.644346	2.502465000000001	0.5964955
turn_left	162.731394	129.194159	2.473032	0.6198572
turn_left	160.695866	131.1575	2.717790000000001	0.4112297
turn_left	158.312023	131.217537	2.881617856123256	0.2570562
turn_left	157.518558	132.509166	2.601471441412052	0.51424
turn_left	156.027116	131.416166	2.211664267923566	0.8015771
turn_left	155.190727	133.242372	1.8810161100653062	0.9522665
turn_left	155.8881	133.734726	1.6363798464046593	0.9978502
turn_left	155.085716	133.447854	1.3722374886299264	0.9803519
turn_left	155.384825	133.453965	0.7586125598601356	0.6879151
turn_left	154.056753	133.860529	0.5438110656726026	0.517401
turn_left	149.467279	131.774877	0.4628111415356393	0.4464653
turn_left	149.980328	131.494119	0.36240973755489314	0.3545285
turn_left	152.882595	131.085336	0.09790279455535486	0.09774647
turn_left	150.335668	131.503822	0.1804797482646375	0.1795016
turn_left	146.57444	132.150087	0.2800622827249643	0.2764155
turn_left	147.151075	132.818697	0.07663333159555784	0.07655835
turn_left	146.3158	133.433245	0.21704024894245577	0.2153403
turn_left	144.641719	132.997616	5.999786296864762	-0.2796207
turn_left	147.109928	133.475485	0.12370117893020871	0.1233859
turn_left	148.39673	135.950596	0.04145377372718094	0.0414419
waggle	149.912941	136.381278	0.12039899576816518	0.1201083
waggle	150.91704	135.665892	0.1284777266419809	0.1281246
waggle	152.039113	136.16773	-0.4993601288484034	-0.4788639
waggle	154.896092	137.529306	0.13449764974208525	0.1340925
waggle	154.994836	133.785572	-0.05551445993652043	-0.05548595
waggle	154.443327	137.980353	-0.4460781250060286	-0.4314308
waggle	154.041815	132.993868	0.13355201518122675	0.1331554
waggle	152.751293	136.104959	-0.38362537625655424	-0.3742848
waggle	152.622268	132.172266	0.051102709019364166	0.05108047
waggle	156.526466	132.277933	-0.6505398280106833	-0.6056161
waggle	155.902178	134.688461	0.10864071696661012	0.1084271
waggle	156.572624	132.090162	0.029284777769732755	0.02928059
waggle	155.282274	134.96536	0.1360203597247574	0.1356013
waggle	160.267132	133.754615	0.2534563139492959	0.2507513
waggle	161.675314	132.185615	0.19068708119309938	0.1895336
waggle	161.492599	135.53962	-0.6466945756911351	-0.6025517
waggle	164.122515	132.202312	0.3684467634927465	0.3601669
waggle	165.46298	137.790248	0.10797843651787477	0.1077687
