turn_right	320.0	211.0	2.7466649918188546	0.3847414
turn_right	320.349698	209.310842	2.9473616343379203	0.1930121
turn_right	317.249308	210.492133	2.8037519779493003	0.3314506
turn_right	314.729549	210.789226	2.452338271907207	0.635962
turn_right	312.833111	212.315452	2.6815833285877853	0.4439565
turn_right	311.890432	214.920497	3.1354691410440543	0.006123474
turn_right	309.197368	213.978523	2.8249389738009003	0.3113884
turn_right	307.442455	214.632525	2.0256399171348867	0.8983298
turn_right	308.126416	215.761574	2.260398441635568	0.7714992
turn_right	308.134572	216.940531	3.0421567374722702	0.09927213
turn_right	306.147447	218.876096	2.5256036713992707	0.577766
turn_right	305.720093	218.955886	2.8899342068426095	0.2490105
turn_right	304.634293	220.438958	-3.0597460832834287	-0.08175522
turn_right	304.294789	222.039962	3.941784653589793	-0.7174898
turn_right	302.642964	222.058807	3.8517366535897932	-0.651943
turn_right	301.9707	222.036407	3.7637246535897932	-0.582769
turn_right	300.338434	222.750032	3.607892653589793	-0.4495844
turn_right	299.628134	223.436746	3.572413653589793	-0.4176169
turn_right	296.152368	223.619104	3.4202796535897932	-0.2750935
turn_right	293.763843	222.218574	3.058028653589793	0.08346678
turn_right	293.372179	221.442175	-1.5093554317630915	-0.9981131
turn_right	294.814086	220.447699	-1.1397970180555617	-0.9085487
turn_right	293.770535	221.435901	-0.697320136997407	-0.6421657
turn_right	296.563523	222.370348	-0.6850678856024177	-0.6327256
turn_right	295.416057	221.590986	-0.4710530572692919	-0.4538249
turn_right	291.946219	221.835231	-1.077437703012686	-0.8807472
waggle	290.728629	219.90403	-0.713942	-0.6548182
waggle	292.666315	220.73808	-0.772652	-0.6980367
waggle	292.415253	220.232766	-0.945715	-0.8109155
waggle	296.361191	218.734468	-1.01574	-0.8498708
waggle	294.085129	217.086689	-1.263236	-0.953075
waggle	293.687067	218.443569	-1.206864	-0.9345043
waggle	297.363298	222.579481	-0.987411	-0.8346026
waggle	297.218985	220.941839	-2.266798	-0.7674119
waggle	297.549086	221.526298	-1.243271	-0.9468413
waggle	296.95213	216.466334	-1.234987	-0.9441439
waggle	299.701188	219.112961	-1.029344	-0.8569611
waggle	300.715202	217.882272	-0.850347	-0.7515094
waggle	301.590106	215.225934	-0.93831	-0.8065602
waggle	302.770975	220.959248	-0.923119	-0.7974873
waggle	301.337892	216.282366	-0.779818	-0.70315
waggle	304.79192	220.560922	-0.758191	-0.6876091
waggle	300.455677	217.648179	-1.223604	-0.9403318
waggle	299.847107	220.130389	-1.039818	-0.8623121
waggle	300.184816	215.603082	-1.205571	-0.9340433
waggle	302.947675	216.950956	-1.126718	-0.903007
waggle	305.808435	218.423477	-0.999384	-0.841138
waggle	302.50933	215.807657	-1.205442	-0.9339972
waggle	303.474188	222.231303	-1.033852	-0.8592757
waggle	304.727231	217.991656	-0.991302	-0.8367397
waggle	307.733381	218.22158	-0.871641	-0.7653861
waggle	309.215086	214.04495	-0.989273	-0.8356269
waggle	306.919613	215.165404	-1.061309	-0.8729947
waggle	308.449664	218.349613	-0.992246	-0.8372562
waggle	308.957079	214.052227	-1.106354	-0.8940715
waggle	313.180997	216.377372	-0.302749	-0.2981453
waggle	312.168085	212.633012	-1.014465	-0.8491982
waggle	314.369693	213.844976	-0.534245	-0.5091914
waggle	313.671128	212.319014	-1.149677	-0.912632
waggle	315.85961	215.37364	-1.055091	-0.8699451
waggle	318.788767	211.676196	-1.204671	-0.9337215
waggle	316.347788	212.29979	-1.094296	-0.8886056
waggle	319.28698	215.835513	0.2570643162827451	0.2542424
waggle	315.108732	218.125954	-0.2708937470807224	-0.2675927
waggle	318.150743	218.081289	-1.067308	-0.8759048
waggle	317.088056	218.065684	-0.429420370977691	-0.4163439
waggle	317.993717	221.317217	-1.104571	-0.8932714
waggle	317.225642	222.211352	-0.7754551408501608	-0.7000412
waggle	316.895576	221.604253	-0.6848680685219148	-0.6325708
waggle	318.522027	221.83203	-0.32482978668196005	-0.3191475
waggle	317.777197	219.468674	-0.6326841727552025	-0.5913115
waggle	322.548225	221.881705	-1.5681303013461416	-0.9999964
waggle	322.406585	217.533968	-1.0028955103605353	-0.8430319
waggle	327.571065	216.747333	-1.561356	-0.9999554
waggle	323.550528	215.839483	-0.5511335881811028	-0.5236533
waggle	327.215984	214.606945	-1.074052	-0.8791388
waggle	326.313042	211.592673	-0.322702	-0.3171302
waggle	328.285434	211.592167	0.137333	0.1369017
waggle	331.081666	212.465101	-0.5028740301750806	-0.4819458
waggle	334.499631	214.41937	-0.865347911345597	-0.7613209
waggle	333.892343	211.918455	-0.16241781919717294	-0.1617047
waggle	333.218438	209.294239	-1.249261481964857	-0.9487515
waggle	335.620281	211.0614	-0.20894460908754947	-0.2074276
waggle	338.878187	211.092302	-1.6477741176058853	-0.9970387
waggle	338.201457	210.67014	-1.380623901906096	-0.9819717
waggle	338.767553	209.258177	-1.2907429389123006	-0.9610407
waggle	337.671073	206.943153	-1.0535961367565347	-0.8692069
waggle	340.809158	204.93419	4.573140653589793	-0.9903206
waggle	341.093434	202.183768	4.625136653589793	-0.9961959
waggle	342.225109	201.449006	4.762977653589793	-0.9987207
waggle	342.937503	200.319849	4.8965836535897935	-0.9830841
waggle	347.366916	197.040441	4.865345653589793	-0.9883249
waggle	347.865221	194.885854	5.221044653589793	-0.8734
waggle	347.696109	194.307398	5.172856653589793	-0.8958448
waggle	348.385707	192.496326	5.290375653589793	-0.8375643
waggle	349.164248	191.550523	5.188118653589793	-0.8889588
turn_left	349.773984	190.878077	-1.516337847322637	-0.9985175
turn_left	347.374524	186.908895	-2.3815624787219365	-0.6889433
turn_left	344.019792	187.822796	3.0899943523313933	0.05157541
turn_left	342.654258	188.191139	-2.8516446077398934	-0.2859024
turn_left	340.957002	188.685431	-2.3246940758591363	-0.7290265
turn_left	341.236275	187.980456	-2.1184596577625796	-0.8537435
turn_left	340.440537	185.422305	-1.8480509052836414	-0.9618105
turn_left	339.763562	182.249089	-2.4193376405223628	-0.6610783
turn_left	339.452506	179.432762	-2.5338103360480417	-0.5710483
turn_left	335.807538	176.235052	-2.804457285352042	-0.3307851
turn_left	330.266163	172.939044	2.5625287119189686	0.5472407
turn_left	329.351321	172.884651	2.086842	0.8697772
turn_left	329.211994	171.728312	2.1478	0.838101
turn_left	329.304145	171.241248	2.213562	0.800441
turn_left	328.447412	172.176923	2.362511	0.7026263
turn_left	328.009156	171.923998	2.407227	0.6701164
turn_left	325.40749	172.159847	2.536083	0.5691812
turn_left	325.571325	175.253523	2.485537	0.6099961
turn_left	324.350217	176.196128	2.773938	0.3594278
turn_left	323.365891	179.49836	2.661653	0.4617256
turn_left	322.165882	181.526373	2.1764126421316146	0.8221514
turn_left	321.040046	184.178552	1.864268351748518	0.9572453
turn_left	319.057639	184.964909	1.845945006455722	0.9623848
turn_left	319.790143	184.817435	1.9617520877275256	0.9245453
turn_left	320.683759	187.329872	2.3014389153534003	0.7447457
turn_left	320.029986	188.455964	1.97671518870183	0.91874
turn_right	317.892253	189.425208	1.8452141883002326	0.9625831
turn_right	317.349613	190.986918	1.6814406678663132	0.9938852
turn_right	316.594383	193.018166	1.662286083915564	0.9958177
turn_right	317.719385	193.41505	3.007589	0.133603
turn_right	318.133452	193.830494	2.967034	0.1736735
turn_right	316.888579	195.671975	2.919766	0.2200119
turn_right	315.535116	195.381827	2.81285	0.3228533
turn_right	316.443583	198.387905	2.723737	0.4058015
turn_right	316.348754	198.269893	-3.105638082047417	-0.03594683
turn_right	316.128398	197.447529	-2.892407994681875	-0.2466139
turn_right	314.783217	198.454684	-2.844165922104038	-0.2930609
turn_right	315.506495	199.232198	-2.3295838087870577	-0.7256708
turn_right	313.707853	198.908464	-2.8427287845770066	-0.2944346
turn_right	313.794388	200.1608	-2.069250322271194	-0.8783227
turn_right	316.49772	198.457364	-2.986220019283759	-0.1547483
turn_right	315.044487	197.380361	-2.414009532879778	-0.6650667
turn_right	313.373644	195.902911	-2.9803984771478356	-0.160497
turn_right	312.96923	195.855155	-2.9090255601130677	-0.2304763
turn_right	312.975659	194.274149	-3.111595705466768	-0.02999245
turn_right	310.758518	194.883606	-2.9758836777358066	-0.1649516
turn_right	309.485715	195.775151	-2.962465350466715	-0.1781709
turn_right	308.258942	195.667904	-3.130515181387742	-0.01107725
turn_right	305.540463	196.05557	-3.1133508410894346	-0.02823806
turn_right	303.667003	194.531914	-3.0418967667630556	-0.09953082
turn_right	300.290514	194.671819	3.1012502385792993	0.04033147
turn_right	297.06579	194.638203	3.765239653589793	-0.5839995
turn_right	295.886689	193.763764	3.861654653589793	-0.6594313
turn_right	294.946928	194.120998	3.686883653589793	-0.5186669
turn_right	294.28631	191.578784	3.682570653589793	-0.5149746
turn_right	292.157839	190.220936	3.4207246535897933	-0.2755213
turn_right	290.907039	187.012827	-1.5013214564843853	-0.9975876
turn_right	288.582043	183.954282	-1.2483811102750975	-0.9484729
turn_right	288.2755	182.504806	-1.2356179060465826	-0.9443516
turn_right	291.687051	180.00275	-0.9582824594730064	-0.8182053
turn_right	293.994015	177.501258	-0.9714776923566052	-0.8257202
turn_right	295.861824	177.413469	-0.8952318905858496	-0.7803541
turn_right	296.053124	177.490102	-0.9732468001099835	-0.8267168
turn_right	298.379539	174.380194	-1.0687191661414452	-0.8765848
turn_right	300.175897	173.881666	-0.8530056426936293	-0.7532607
turn_right	299.679561	170.445395	-0.54388	-0.51746
turn_right	302.003103	166.378908	-0.425023	-0.4123417
turn_right	304.10392	166.199033	-0.545415	-0.5187729
turn_right	303.577647	166.003815	-0.61936	-0.5805142
turn_right	304.0	166.0	-0.693657	-0.6393534
turn_right	305.0	165.0	-0.738463	-0.6731521
turn_right	305.0	165.0	-0.941887	-0.8086696
turn_right	307.0	164.0	-0.981007	-0.8310579
turn_right	309.0	163.0	0.5089116020650709	0.4872271
turn_right	310.0	165.0	0.21259378759214145	0.210996
turn_right	310.0	165.0	0.6624555923288141	0.6150549
turn_right	312.0	165.0	1.6436166535897931	0.9973498
turn_right	310.0	168.0	1.5270996535897932	0.9990455
turn_right	309.0	168.0	1.9857395662970354	0.9151392
turn_right	308.0	169.0	2.0505533391789763	0.8871071
turn_right	309.0	169.0	2.0542461856600625	0.8853966
turn_right	309.0	169.0	1.9755506295788656	0.9191992
turn_right	308.0	170.0	1.9809965237635605	0.917041
turn_right	308.0	171.0	2.035653570211502	0.8938856
turn_right	308.0	170.0	2.105863587667788	0.8602343
turn_right	308.0	170.0	2.1089301913930587	0.8586666
turn_right	307.173611	169.072348	1.1137531334522608	0.8973612
turn_right	307.937957	170.566477	1.7502154916655062	0.9839475
turn_right	307.673235	173.54189	2.120412899162689	0.8527249
turn_right	307.410255	176.187641	1.7242373002975435	0.988251
turn_right	305.668152	177.364903	2.2754507448702257	0.7618355
turn_right	305.293144	178.537867	2.1984482328590227	0.8094086
turn_right	304.027724	180.089381	2.88033	0.2583006
turn_right	303.525061	183.405527	2.798959	0.3359688
turn_right	302.384365	185.080435	2.1863517066677463	0.8164529
turn_right	299.113202	187.220807	2.032778627307392	0.8951707
turn_right	297.765004	191.199534	2.1784731504513557	0.8209767
turn_right	299.665482	192.777699	2.2955026417093327	0.7486941
turn_right	298.924789	194.180826	2.652575	0.4697589
turn_right	296.626202	196.283392	2.649975	0.4720526
turn_right	297.468918	197.673533	2.609895	0.5069974
turn_right	295.606063	198.363347	2.553245	0.5549873
turn_right	294.374697	199.611164	2.453745	0.6348757
turn_right	293.097967	201.375423	2.45792	0.6316445
turn_right	291.838347	203.940064	2.439815	0.6455763
turn_right	290.697067	208.968249	2.127671	0.8489111
turn_right	289.285437	209.309701	2.147819	0.8380906
turn_right	288.766233	209.018628	2.182805	0.8184957
turn_right	287.019757	210.356823	2.135389	0.8448066
turn_right	286.986523	212.177427	2.092534	0.8669545
turn_right	285.624567	213.391446	2.136465	0.8442304
turn_right	283.131171	215.199713	2.05959	0.8828999
turn_right	279.331178	218.193276	1.997387	0.9103817
turn_right	276.368957	218.015473	1.891418	0.9490397
turn_right	274.619724	220.166997	1.85603	0.9595959
turn_right	271.48857	219.643898	1.936749	0.9337833
turn_right	269.35962	221.305649	1.836861	0.9648131
turn_right	268.778974	221.498786	1.796129	0.9747198
turn_right	268.725398	220.610957	1.774633	0.9792971
turn_right	269.584115	218.526803	1.894369	0.9481055
turn_right	269.60776	217.16849	1.973547	0.9199863
turn_right	270.367094	217.408869	2.123616	0.8510473
turn_left	269.782047	220.100756	1.24425187891058	0.9471564
turn_left	269.879868	221.436748	1.2705741031163953	0.9552708
turn_left	269.51461	223.935583	1.0452103282538994	0.8650301
turn_left	271.058034	225.06458	1.0835483520164344	0.8836247
turn_left	269.939787	225.242372	1.106715474084358	0.8942334
turn_left	269.206629	226.547242	5.828582653589793	-0.4391054
turn_left	269.471199	228.133831	5.919460653589793	-0.3557577
turn_left	269.358093	229.848964	6.002762653589793	-0.2767618
turn_left	270.746678	230.709754	6.1703156535897925	-0.1126302
turn_left	271.104165	231.435455	0.029945653589793064	0.02994118
turn_left	271.151167	232.164297	0.144673653589793	0.1441695
turn_left	271.056743	231.70871	0.10517865358979295	0.1049848
turn_left	269.197033	232.576013	0.38914565358979303	0.3793981
turn_left	270.540213	232.356226	0.10346039001371135	0.1032759
turn_left	272.832357	230.678403	-0.3107412104728716	-0.3057644
turn_left	277.706916	230.936131	-0.9155619955063222	-0.7929052
turn_left	281.336507	229.702128	-0.0928279763102345	-0.09269472
turn_left	282.15751	227.866761	-0.7556328825892068	-0.6857494
turn_left	286.371667	227.090401	-0.07997612858207949	-0.0798909
turn_left	290.672285	228.856615	-0.13540610761982125	-0.1349927
turn_left	294.72282	228.058123	-0.26517943397810617	-0.2620824
turn_left	297.018105	227.823471	-0.43722908644551095	-0.4234308
turn_left	300.226463	226.697709	-0.6265920173522808	-0.5863876
turn_left	301.955987	224.410243	-0.9716653678986058	-0.825826
turn_left	302.0	225.0	-0.9918586705623839	-0.8370444
turn_left	302.0	225.0	-0.975535721392058	-0.8280024
turn_left	302.0	224.0	-0.9710015971643663	-0.8254515
turn_left	302.0	224.0	-1.318329	-0.968299
turn_left	302.0	223.0	-0.8914354587768905	-0.7779744
turn_left	303.921106	225.01586	-1.1153833860156022	-0.8980795
turn_left	303.0	223.0	-1.273106	-0.9560165
turn_left	303.366298	223.644311	-1.222634	-0.9400013
turn_left	303.719434	223.348261	-1.078051	-0.8810375
turn_left	302.669458	222.391372	-0.970302	-0.8250564
turn_left	304.57805	220.069199	-1.018139	-0.8511326
turn_left	306.236907	217.469715	-0.902161	-0.7846684
turn_left	306.537025	216.606854	-0.868631	-0.7634455
turn_left	307.783147	215.007801	-0.672887	-0.6232463
turn_left	310.040546	213.935137	-0.713882	-0.6547728
turn_left	311.228898	211.024387	-0.729288	-0.6663389
turn_left	312.195441	207.781062	-0.595251	-0.5607166
turn_left	311.596685	205.109062	-0.666059	-0.6178921
turn_left	312.13976	201.42665	-0.575144	-0.5439556
turn_left	313.892261	198.482352	-0.545959	-0.5192379
turn_left	316.39483	196.241993	-0.428971	-0.4159353
turn_left	318.156239	194.225265	-0.336197	-0.3298994
turn_left	321.761041	190.755799	-0.176193	-0.1752828
turn_left	322.249797	185.780169	-0.361558	-0.3537319
turn_left	321.465781	182.982511	-0.250141	-0.2475406
turn_left	322.553381	184.467444	-0.259224	-0.2563306
turn_left	324.677071	181.022452	-0.114704	-0.1144526
turn_left	328.484079	181.773024	-0.259001	-0.256115
turn_left	331.660688	179.339832	-0.387365	-0.37775
turn_left	333.909273	177.69457	-0.438872	-0.4249186
turn_left	334.170989	175.143342	-0.546757	-0.5199197
waggle	337.459549	173.936129	-0.682494	-0.6307303
waggle	336.901402	170.929792	-0.808274	-0.723096
waggle	330.891273	168.715507	-0.844255	-0.7474764
waggle	331.667153	168.525482	-1.013384	-0.8486268
waggle	332.488337	168.347736	-0.986195	-0.8339322
waggle	331.929318	167.357914	-1.171697	-0.9214114
waggle	331.711875	168.204269	-1.137518	-0.9075942
waggle	332.39422	168.241697	-0.946601	-0.8114337
waggle	332.558579	167.507402	-1.03374	-0.8592184
waggle	337.495531	171.899002	-0.872394	-0.7658705
waggle	334.41261	169.548699	-0.817371	-0.7293497
waggle	338.363061	170.026461	-0.933158	-0.8035039
waggle	336.458249	165.431648	-1.34808	-0.9753011
waggle	338.047835	167.705071	-1.16141	-0.9173653
waggle	339.103853	169.753441	-0.971181	-0.8255528
waggle	339.306074	166.400647	-1.096391	-0.8895645
waggle	341.652425	170.165601	-1.230678	-0.9427152
waggle	337.368907	171.447517	-2.019996	-0.9007949
waggle	336.987804	171.544112	-0.907404	-0.7879078
waggle	333.441385	168.560325	-0.7931	-0.7125318
waggle	335.616689	167.684481	0.030047	0.03004248
waggle	337.118757	166.116111	-0.733031	-0.6691252
waggle	342.007594	167.797351	-0.440368	-0.4262724
waggle	344.318976	166.816033	-0.916205	-0.7932968
waggle	345.053889	166.492996	-1.120631	-0.9003752
waggle	349.413433	166.907679	-0.955755	-0.8167496
waggle	346.896431	163.547239	-1.159779	-0.9167148
waggle	349.694924	168.630188	-1.065402	-0.8749836
waggle	346.908466	163.240887	-1.215202	-0.9374397
waggle	350.028146	163.987242	-0.512956	-0.4907549
waggle	350.442072	160.868457	-1.254292	-0.9503292
waggle	353.084645	163.783775	-0.4312	-0.4179613
waggle	353.288991	162.981471	-1.120853	-0.9004718
waggle	355.437004	165.732887	-0.873258	-0.7664257
waggle	354.062734	162.976164	-1.119547	-0.899903
waggle	354.64151	163.411063	-1.13521	-0.9066228
waggle	358.92201	163.225552	-1.198794	-0.9316014
waggle	353.970882	161.488607	-1.3177	-0.9681417
waggle	352.784077	163.927102	-0.260442	-0.2575077
waggle	354.699641	161.340002	-1.380594	-0.981966
waggle	354.859409	162.142731	-0.411521	-0.4000038
waggle	355.891599	159.840461	-1.245047	-0.9474112
waggle	357.236322	159.698916	-0.368934	-0.3606214
waggle	360.469085	157.42777	-0.983775	-0.8325942
waggle	364.1976	162.632206	-0.593761	-0.5594822
waggle	364.089873	157.370807	-0.795636	-0.7143088
waggle	363.154126	156.990101	-0.714871	-0.65552
waggle	365.197679	160.01543	-0.330313	-0.3243391
waggle	365.676153	161.548259	-0.167993	-0.1672039
waggle	365.120446	160.721953	-0.121355	-0.1210574
waggle	365.744164	162.012632	-0.9541726660476777	-0.8158356
turn_left	364.185919	162.276228	-0.8266537028039596	-0.7356689
turn_left	366.369769	159.198984	-1.8555330877691352	-0.9597356
turn_left	363.368751	161.788646	-3.055040071901208	-0.08644456
turn_left	361.547244	160.530016	3.5521016535897934	-0.3990761
turn_left	361.092978	159.660678	3.514857653589793	-0.3646575
turn_left	360.512067	158.56826	3.6584776535897934	-0.4941745
turn_left	360.61492	156.060038	3.7869876535897933	-0.601514
turn_left	359.42099	155.058469	3.840237653589793	-0.6431807
turn_left	357.575828	150.975742	3.9349736535897932	-0.7127289
turn_left	355.555069	146.449419	4.091845653589793	-0.8135626
turn_left	352.666621	147.222568	4.072827653589793	-0.8023577
turn_left	351.364333	145.125964	4.097684653589793	-0.816944
turn_left	348.034937	145.072879	-2.263912005023527	-0.769259
turn_left	347.613307	143.065488	-2.9830095379885044	-0.1579193
turn_left	344.432954	141.32689	-2.8920795240281505	-0.2469322
turn_left	344.384655	140.23074	3.0539373946772006	0.08754305
turn_left	342.470774	139.48824	2.956946441506723	0.1835988
turn_left	338.312321	140.811023	1.709896	0.9903412
turn_left	336.122877	142.311448	1.578437	0.9999708
turn_left	336.962108	140.699982	1.770383	0.9801486
turn_left	333.85402	141.374449	1.65515	0.9964443
turn_left	332.420132	141.391458	1.710063	0.9903181
turn_left	332.481876	141.109654	1.857332	0.9592288
turn_left	331.4859	141.627265	1.86164	0.9580023
turn_left	331.320006	140.385606	2.025736	0.8982875
turn_left	329.788685	139.966883	2.099187	0.8636195
turn_left	329.633055	142.537573	2.070427	0.8777596
turn_left	327.922108	143.222555	2.117819	0.854077
turn_left	326.52395	144.547898	2.287608	0.7539042
turn_left	324.387652	144.911373	2.378604	0.6910846
turn_left	326.135195	145.65452	2.378496	0.6911627
turn_left	326.591724	145.845563	2.376234	0.6927957
turn_left	326.972995	146.252441	2.361773	0.7031512
turn_left	326.355916	146.387487	2.422472	0.6587233
turn_left	325.710903	147.879643	2.514688	0.5866408
turn_left	326.124235	147.620765	2.000760339802394	0.9089808
turn_left	326.078431	148.987021	1.3763815371962558	0.9811609
turn_left	325.444144	150.813286	2.247821614555105	0.7794398
turn_left	325.0	155.0	2.544529	0.5622166
turn_left	322.0	155.0	2.1480813103618694	0.8379475
turn_left	316.0	158.0	1.8890648319395373	0.9497787
turn_left	315.0	161.0	1.865791250378469	0.9568036
turn_left	315.0	162.0	2.6229108429821064	0.4957358
turn_left	315.0	163.0	2.591100689330599	0.5231066
turn_left	314.0	164.0	2.5256935934561904	0.5776926
turn_left	315.0	164.0	1.6342702669717026	0.9979862
turn_left	315.0	164.0	1.9226354589392651	0.9387405
turn_left	315.0	165.0	2.3045183406716814	0.7426871
turn_left	315.0	165.0	2.1767372057630783	0.8219666
turn_left	315.0	165.0	1.5920279380453708	0.9997746
turn_left	315.38515	163.809638	0.6085706535897932	0.5716953
turn_left	314.579359	164.52741	0.7750216535897931	0.6997315
turn_left	314.074194	165.466496	0.8194116535897931	0.7307443
turn_left	314.757622	166.461447	0.8961906535897932	0.7809533
turn_left	316.115684	169.822082	1.0870846535897933	0.8852748
turn_left	318.17113	171.683217	1.0183116535897931	0.8512232
turn_left	317.93989	173.480809	1.167642653589793	0.9198283
turn_left	318.207288	172.320684	1.1433216535897932	0.9100156
turn_left	318.770761	171.719752	0.3170500349190346	0.311765
turn_left	316.475343	173.545482	0.6948918769414284	0.6403024
turn_left	317.361897	174.495097	0.08538475971459994	0.08528105
turn_left	317.138864	173.891394	-0.3786837788874956	-0.3696978
turn_left	321.590362	170.607653	0.600820041699255	0.5653191
turn_left	324.38569	173.363995	0.4934120627007905	0.4736337
turn_left	327.54029	175.92703	0.4479254459855216	0.4330966
waggle	326.117898	178.58113	-0.840573475632218	-0.7450258
waggle	325.070979	178.596476	-1.451941	-0.992945
waggle	326.352844	175.050877	0.0029597044329117066	0.0029597
waggle	330.291516	177.0889	-0.870451	-0.7646197
waggle	331.075367	172.521872	-1.470706	-0.9949951
waggle	332.700982	176.978002	-0.899162	-0.7828057
waggle	330.254013	173.961416	-1.364194	-0.9787335
waggle	332.895331	179.105267	-1.28799	-0.9602761
waggle	332.898013	176.642588	-1.32859	-0.9708112
waggle	332.649478	177.639793	0.6046047822581673	0.568437
waggle	335.363152	178.468299	-1.162655	-0.9178601
waggle	333.96649	174.819112	-1.323863	-0.9696666
waggle	337.01795	178.343645	-1.105238	-0.8935711
waggle	335.078913	173.468108	-1.603568	-0.9994631
waggle	333.430688	176.455079	-0.883503	-0.7729661
waggle	336.454269	174.949808	-1.353622	-0.9765102
waggle	336.728833	178.458378	-1.5171	-0.9985587
waggle	339.080385	176.370874	-0.19052537860873484	-0.1893748
waggle	339.009368	178.195204	0.5311055106025139	0.5064869
waggle	341.824552	177.731722	-1.326517	-0.9703119
waggle	339.168677	175.96729	-1.517856	-0.998599
waggle	340.795764	180.180056	-1.347281	-0.9751243
waggle	343.248762	175.193173	-0.08985194081170161	-0.08973109
waggle	343.153848	178.650593	-0.686398	-0.633755
waggle	340.134596	175.456955	-1.138058	-0.9078208
waggle	343.300287	178.732241	-0.711023	-0.6526092
waggle	344.906308	174.489351	0.7753344787832963	0.699955
waggle	347.433563	179.47872	-1.343123	-0.9741942
waggle	349.08155	175.735901	-1.1331	-0.9057305
waggle	348.417464	175.291272	-1.233553	-0.9436704
waggle	350.227361	177.471791	-0.946206	-0.8112028
waggle	349.399295	171.824612	-1.413045	-0.987583
waggle	350.073076	175.677685	-0.769408	-0.6957101
waggle	348.236974	171.899058	-1.225325	-0.9409159
waggle	349.364607	170.876219	-0.347557	-0.3406019
waggle	348.886194	173.599618	0.844393965627492	0.7475687
waggle	351.395238	176.330222	-0.1519275179378947	-0.1513437
turn_right	354.549247	178.226814	0.05137946313439254	0.05135686
turn_right	355.899134	175.12342	-0.13330925894703097	-0.1329148
turn_right	359.708369	178.21508	-0.7956522710988478	-0.7143202
turn_right	359.090626	173.185828	-0.130826320200033	-0.1304534
turn_right	364.980511	174.77487	-0.011938787463571408	-0.0119385
turn_right	367.594261	171.390197	1.1708776535897931	0.9210927
turn_right	367.95303	176.558685	1.4162636535897932	0.9880836
turn_right	371.14128	175.743147	1.2532433506141798	0.9500023
turn_right	372.00023	173.592596	1.719604687031933	0.9889485
turn_right	371.340981	172.407871	1.9735613221138948	0.9199807
turn_right	370.906021	171.882125	1.9060879821060983	0.9443144
turn_right	369.19139	173.231268	2.00010333744107	0.9092544
turn_right	368.833911	174.020351	2.048364276051085	0.8881154
turn_right	370.313893	175.818988	2.049947811998596	0.8873864
turn_right	370.966566	176.556846	3.284064307179586	-0.1419902
turn_right	368.425604	177.669463	3.2152533071795864	-0.07359406
turn_right	369.087508	177.590863	3.124117	0.01747476
turn_right	368.616321	178.171606	2.926005	0.2139215
turn_right	368.802652	178.936259	2.9023350000000008	0.2369815
turn_right	367.870545	179.059777	2.680693999999999	0.4447532
turn_right	366.847366	178.721228	2.615285	0.5023441
turn_right	368.550533	177.204211	2.584429	0.528781
turn_right	368.442755	178.307839	2.4208540000000003	0.6599398
turn_right	368.580247	178.083755	2.433885	0.6500936
turn_right	368.550807	177.976911	2.347462	0.7132545
turn_right	367.547878	179.311705	2.1720109999999995	0.8246492
turn_right	367.325954	180.006439	2.0338580000000004	0.8946891
turn_right	365.9773	181.051331	2.039992999999999	0.8919318
turn_right	366.748557	181.381982	1.9210239999999992	0.9392946
turn_right	366.366823	182.112191	1.7918500000000002	0.975667
turn_right	364.493276	181.344932	2.6093103482167956	0.5075012
turn_right	362.179801	180.169028	3.047952652692615	0.09350321
turn_right	359.523964	180.291794	3.08690337547714	0.05466202
turn_right	357.933214	180.119956	3.1584994700081697	-0.01690601
turn_right	356.403255	179.852274	-3.074125349510818	-0.06741613
turn_right	352.977844	178.929129	2.9578571244052174	0.1827035
turn_right	349.851266	180.552088	3.2687018937961794	-0.1267672
turn_right	346.569451	181.494571	-3.0544015775884055	-0.08708064
turn_right	343.797606	180.03911	3.3104825806998814	-0.1680882
turn_right	340.813371	179.772416	-2.9639293184353908	-0.1767302
turn_right	337.49767	179.250649	-2.869435339860914	-0.26881
turn_right	335.933544	179.015803	-2.7538734124287556	-0.3780779
turn_right	332.585394	176.652299	-2.9207354591796237	-0.2190661
turn_right	329.043243	176.417053	-3.1138868075802484	-0.0277023
turn_right	325.360069	175.89063	-2.70571716350893	-0.4222042
turn_right	323.250724	176.218531	-2.9358106320406634	-0.2043327
turn_right	321.852172	178.773436	-2.360342690541547	-0.7041675
turn_right	319.322657	177.446872	-2.175194648221767	-0.8228442
turn_right	316.417257	175.314855	-2.2854172539369744	-0.7553417
turn_right	314.35108	171.541159	-1.7817584159498907	-0.9778299
turn_right	312.751627	169.969433	-2.158555023066152	-0.8321856
turn_right	312.561841	168.407469	-1.8980682555637058	-0.9469228
turn_right	312.097047	167.17086	-1.6135681183276598	-0.9990854
waggle	310.253644	165.065987	-0.102671	-0.1024907
waggle	307.800342	164.809745	-0.32418	-0.3185316
waggle	308.300799	166.541025	-1.0411050243031015	-0.8629631
waggle	308.495165	165.596209	-0.499019	-0.4785644
waggle	306.593103	165.090802	-0.583719	-0.5511309
waggle	305.665906	165.241051	-0.641825	-0.5986583
waggle	305.010894	165.209378	-0.654442	-0.6087166
waggle	304.900628	165.338165	-0.693175	-0.6389827
waggle	306.115165	166.160012	-0.661258	-0.6141102
waggle	307.818565	165.114445	-0.867062	-0.7624311
waggle	312.252227	163.416748	-0.901235	-0.784094
waggle	310.642665	161.919244	-0.902091	-0.784625
waggle	311.599212	163.302388	-0.852119	-0.7526772
waggle	313.050149	162.952169	-0.915458	-0.7928418
waggle	315.512674	164.34901	-0.863042	-0.7598238
waggle	316.907999	159.594024	-1.079302	-0.8816286
waggle	317.267743	163.202856	-0.987274	-0.8345271
waggle	313.504287	159.71685	-1.000029	-0.8414867
waggle	317.734914	163.873804	-0.731331	-0.6678609
waggle	315.450804	159.713056	-0.923529	-0.7977346
waggle	317.065954	161.628556	-0.879368	-0.770336
waggle	314.901882	161.780082	-0.951102	-0.814056
waggle	315.630883	157.512936	-1.067265	-0.8758841
waggle	318.332124	161.292432	-0.49885	-0.478416
waggle	316.493921	158.130541	-0.923739	-0.7978612
waggle	320.109479	163.284115	-0.736675	-0.6718288
waggle	316.656896	158.96559	-1.722294	-0.9885462
waggle	317.302237	162.55918	-0.80121	-0.7181986
waggle	317.298455	158.265684	-0.942717	-0.8091576
waggle	321.309634	158.482502	-0.982769	-0.8320366
waggle	324.068484	161.082457	-1.015308	-0.849643
waggle	323.614515	159.39725	-1.780961	-0.9779966
waggle	324.905889	161.028269	-0.97598	-0.8282514
waggle	322.76479	160.577258	-1.620871	-0.9987465
waggle	324.842568	161.622364	-0.652924	-0.6075116
waggle	324.859123	157.429761	-0.775976	-0.700413
waggle	323.13859	155.271859	-1.195699	-0.930472
waggle	326.230214	160.228534	-0.961733	-0.8201842
waggle	323.61462	158.448849	-1.736912	-0.9862345
waggle	326.336106	158.534436	-0.902085	-0.7846213
waggle	324.167799	156.306856	-1.532455	-0.9992651
waggle	328.930783	154.624015	-1.096031	-0.8894
waggle	328.8278	148.610977	-0.946779	-0.8115377
waggle	328.158904	149.323675	-1.048492	-0.8666719
waggle	331.678152	151.854117	-0.793102	-0.7125332
waggle	327.163626	149.398498	-1.056609	-0.8706927
waggle	330.355428	151.136481	-0.753163	-0.6839497
waggle	329.504834	146.605777	-1.071786	-0.8780566
waggle	330.660176	151.133393	-0.470441	-0.4532794
waggle	331.308494	146.226829	-0.956183	-0.8169965
waggle	333.714015	150.176137	-0.830625	-0.738353
waggle	334.050432	145.840821	-1.023479	-0.8539237
waggle	335.849346	147.350965	-0.901135	-0.7840319
waggle	337.783447	145.24809	-0.951077	-0.8140415
waggle	336.299254	145.206511	-1.140084	-0.9086686
waggle	338.697338	148.939312	-0.911672	-0.7905288
waggle	338.693384	144.649009	-1.018971	-0.851569
waggle	343.063673	147.66924	-0.75713	-0.6868383
waggle	345.181667	144.357653	-0.4691	-0.4520837
waggle	349.29892	147.136829	-0.398219	-0.3877773
waggle	349.733735	148.94363	-0.382168	-0.3729329
waggle	349.546653	148.410284	-0.18992	-0.1887803
waggle	350.55296	147.038958	0.056271	0.05624131
waggle	351.042284	146.463347	0.119556	0.1192714
waggle	351.308764	145.42697	-1.4504665156091303	-0.9927691
waggle	347.826715	144.2147	-1.0352339263481198	-0.8599818
turn_left	350.07344	143.738495	-1.3789259479917915	-0.9816493
turn_left	350.378603	143.516573	-2.079654662801256	-0.8733013
turn_left	350.571179	143.587938	3.710668653589793	-0.5388539
turn_left	351.992674	140.431616	3.710544653589793	-0.5387494
turn_left	351.883057	140.212379	3.870343653589793	-0.6659384
turn_left	351.399551	140.023689	3.856765653589793	-0.655748
turn_left	348.041387	140.501531	4.290897653589793	-0.9124798
turn_left	348.850865	138.06966	4.446118653589793	-0.964759
turn_left	347.089348	138.393357	-2.7926222120312425	-0.3419305
turn_left	345.084846	136.643828	-2.6135015131700308	-0.5038854
turn_left	342.572411	136.795571	-3.022066753471986	-0.1192415
turn_left	337.716175	136.095509	-2.9536359083843227	-0.186852
turn_left	336.503885	136.248438	2.980688724883377	0.1602105
turn_left	335.116888	136.005442	-3.0246013603508968	-0.1167246
turn_left	333.316113	137.28536	2.98910384724492	0.1518985
turn_left	330.109579	137.991519	-2.6540270256080136	-0.4684766
turn_left	329.135265	134.528133	3.025271951709631	0.1160586
turn_left	327.832462	135.10442	2.814551063226623	0.3212428
turn_left	325.914554	136.627311	2.820015738050371	0.316063
turn_left	323.281039	137.315519	2.7616714538422436	0.3708473
turn_left	318.652829	141.162656	3.0946624516262053	0.04691298
turn_left	317.0	141.0	-3.0127079349124988	-0.1285282
turn_left	313.375755	139.414617	2.082334	0.8719928
turn_left	312.882151	139.015734	2.081814	0.8722473
turn_left	312.526234	138.856272	2.111539	0.8573266
turn_left	309.763726	138.187164	2.170874	0.8252918
turn_left	310.337605	138.39435	2.294872	0.7491121
turn_left	309.705821	138.079716	2.360228	0.7042489
turn_left	309.897603	139.427494	2.443344	0.6428772
turn_left	308.583602	140.118219	2.647328	0.4743844
turn_left	306.138437	140.614744	2.664442	0.4592499
turn_left	305.602029	142.24529	1.495055482393959	0.997133
turn_left	306.799785	142.088902	1.7443093040632391	0.9849844
turn_left	308.221326	142.687882	1.691996727987083	0.9926642
turn_left	307.64544	142.410189	1.1863854540688252	0.9270195
turn_left	306.930764	141.019013	1.1882157890145857	0.9277044
turn_left	308.034163	140.084242	1.19180906729314	0.9290398
turn_left	308.023666	140.146119	1.36764240801711	0.9794351
turn_left	308.548529	141.802896	0.11609465358979332	0.115834
turn_left	309.187153	140.428365	0.18098965358979324	0.1800032
turn_left	307.515511	141.691282	0.375369653589793	0.3666165
turn_left	307.977628	141.074734	0.520277653589793	0.4971211
turn_left	309.514582	143.514761	0.5411596535897929	0.5151303
turn_left	309.744657	143.482565	0.6495986535897931	0.6048669
turn_left	310.54505	143.528465	0.6872066535897932	0.6343803
turn_left	310.473369	144.297053	0.667361653589793	0.6189158
turn_left	307.764475	145.29899	0.7594946535897931	0.6885551
turn_left	308.305595	145.452966	0.812345653589793	0.7259025
turn_left	308.590621	147.061266	1.000623653589793	0.8418078
turn_left	307.046775	148.220292	1.0751376535897932	0.8796556
turn_left	306.603338	148.205699	1.129114653589793	0.9040341
turn_left	308.051157	147.704901	1.212649653589793	0.9365481
turn_left	310.459294	148.802924	0.13683997034986453	0.1364133
turn_left	312.475161	148.280109	0.060997551857966265	0.06095973
turn_left	312.335789	148.068532	0.06439734480979233	0.06435284
turn_left	311.672366	148.19243	-0.560295618886588	-0.5314366
turn_left	311.827086	147.922607	0.3666167965145054	0.3584591
turn_left	312.274801	149.934501	-0.8679005158419166	-0.7629735
turn_left	315.309858	147.183504	-0.17970254938636704	-0.1787369
waggle	319.919539	148.620184	0.19348406453228453	0.1922791
waggle	321.149361	147.520703	-0.5952559157083944	-0.5607207
waggle	320.578001	151.204197	-0.20480028264144184	-0.2033716
waggle	324.60994	146.25258	0.564914168841179	0.5353433
waggle	325.257634	151.405581	-1.188212	-0.927703
waggle	325.682689	146.225843	-0.4586323978077504	-0.4427222
waggle	327.163654	149.36853	-1.166139	-0.9192374
waggle	326.921259	146.641655	-0.1692222931167252	-0.1684158
waggle	325.984775	149.720729	-0.45800548699125226	-0.44216
waggle	326.77715	148.812119	-1.489224	-0.9966748
waggle	329.767832	149.028791	-0.18044693405032913	-0.1794693
waggle	331.714995	150.972692	0.5275986477910595	0.50346
waggle	329.641122	146.449006	0.0635194957867664	0.06347679
waggle	332.029247	151.348699	-1.420937	-0.9887921
waggle	334.789877	145.754084	0.00572624617445917	0.005726215
waggle	330.028546	148.849747	-1.058296	-0.8715212
waggle	331.791565	148.722887	-0.726032073413471	-0.6639076
waggle	330.76122	149.67861	-1.603911	-0.9994518
waggle	336.897668	149.572636	0.1437118348749488	0.1432177
waggle	337.287122	146.212555	-0.33752830317465005	-0.3311559
waggle	337.590958	150.407221	0.9392120738492907	0.8070931
waggle	337.160217	144.432528	0.24455355890422306	0.2421232
waggle	339.039928	149.892308	-0.07686500954416145	-0.07678934
waggle	340.174254	145.376315	0.03963413631437656	0.03962376
waggle	338.992201	149.16529	-1.384804	-0.9827532
waggle	340.686352	146.132889	-1.478039	-0.9957011
waggle	341.539711	149.196502	-0.0873288669058089	-0.08721791
waggle	341.365625	151.088341	0.18145063384120375	0.1804566
waggle	342.763262	146.106838	0.11430324536233062	0.1140545
waggle	341.411478	152.294443	0.6924362153635683	0.6384142
waggle	342.60738	146.897837	-0.09626572747449189	-0.09611711
waggle	342.908011	146.919947	-0.639083	-0.5964597
waggle	344.308937	147.838008	-1.50477	-0.9978211
waggle	348.277246	151.244892	0.8260020457400742	0.7352274
waggle	347.849484	152.342648	-1.285164	-0.9594837
waggle	347.371768	147.53941	-0.08066188882508474	-0.08057445
waggle	350.191834	151.042178	-0.864424	-0.7607215
waggle	349.246876	148.0661	-1.445864	-0.9922061
waggle	346.028783	148.265572	-0.247979	-0.2454453
waggle	350.847329	144.406147	-0.984114	-0.8327819
waggle	348.476649	147.924945	-0.423008	-0.4105052
waggle	349.873995	147.588523	-1.515001	-0.9984438
waggle	351.232542	149.735478	-0.746473	-0.6790539
waggle	355.225814	146.93694	-1.310224	-0.9662427
waggle	357.832019	151.336358	-1.495057	-0.9971331
waggle	360.47534	148.425615	0.16452471239503239	0.1637835
waggle	361.712539	149.18985	0.5719716401181291	0.5412909
turn_right	361.209169	147.156153	0.6101749243679969	0.5730108
turn_right	361.182463	146.457097	1.0949056535897932	0.888885
turn_right	362.151968	147.788536	1.117039653589793	0.8988067
turn_right	360.695093	148.491353	1.0726566535897932	0.8784729
turn_right	360.964493	149.711548	1.095511653589793	0.8891625
turn_right	361.683942	150.055654	1.0589096535897933	0.8718219
turn_right	360.542253	150.223493	0.985071653589793	0.8333117
turn_right	360.909235	150.38408	0.9934856535897931	0.8379334
turn_right	364.973271	151.782687	0.838273653589793	0.7434897
turn_right	365.816167	151.98264	0.777390653589793	0.701422
turn_right	366.460349	153.594106	0.7593366535897932	0.6884405
turn_right	367.869316	155.245762	0.5505016535897931	0.5231148
turn_right	369.330261	156.897167	0.5509676535897929	0.5235119
turn_right	370.647302	158.672307	1.3923627870603088	0.9841229
turn_right	371.3513	160.125106	1.3149078140250714	0.9674388
turn_right	372.629487	162.875702	1.8400333641886426	0.9639741
turn_right	372.742348	166.581291	1.7509730919923283	0.983812
turn_right	371.932124	167.526727	2.1517885299905317	0.8359185
turn_right	372.848471	168.258742	2.632840608341298	0.4870877
turn_right	372.413953	169.539548	3.125719	0.01587299
turn_right	372.094887	170.904346	2.2510015586583485	0.7774437
turn_right	369.911794	173.216515	3.076323	0.06522332
turn_right	369.501289	174.051091	3.004241	0.1369202
turn_right	367.606793	174.339319	2.994838	0.1462284
turn_right	367.52327	177.472173	2.852619	0.2849686
turn_right	368.512259	179.288441	2.669123	0.4550868
turn_right	365.085286	177.893832	2.667102	0.4568854
turn_right	360.731575	180.570914	2.610087	0.5068319
turn_right	361.068364	183.937625	2.39221	0.6811869
turn_right	358.986096	184.16764	2.231169	0.7897637
turn_right	359.241751	185.467451	2.113856	0.8561316
turn_right	357.184573	186.28198	2.168985	0.826357
turn_right	356.20043	188.281806	1.969924	0.9214003
turn_right	356.730597	189.467732	1.864027	0.9573151
turn_right	354.139534	191.200081	1.849578	0.9613914
turn_right	352.783264	192.643138	1.761304	0.9819082
turn_right	350.410832	193.243534	2.9713161955648757	0.1694548
turn_right	349.612663	193.388405	3.024876124415145	0.1164517
turn_right	347.498114	193.689429	3.127640699099613	0.0139515
turn_right	345.8187	194.777466	3.128508577669806	0.0130837
turn_right	346.332939	195.444124	-3.1025247892563383	-0.03905793
turn_right	343.205141	194.578341	3.9719076535897933	-0.7381439
turn_right	342.339383	195.131948	3.8977446535897933	-0.6861272
turn_right	340.23377	195.14666	3.7971986535897932	-0.6096397
turn_right	339.162212	195.808783	3.743277653589793	-0.5660324
turn_right	338.242122	193.478955	3.624010653589793	-0.4639226
turn_right	337.833144	192.607316	3.691700653589793	-0.5227793
turn_right	337.718308	191.826723	3.612476653589793	-0.4536743
turn_right	335.783958	190.646614	3.620793653589793	-0.4610703
turn_right	334.703616	188.535449	3.527651653589793	-0.3765404
turn_right	332.436169	185.272105	3.4503766535897933	-0.3039004
turn_right	330.555341	182.140464	3.2149406535897933	-0.07328225
turn_right	330.393042	181.601878	-1.9828870900788966	-0.9162854
turn_right	329.988917	179.895206	-2.065816831439636	-0.879959
turn_right	327.1762	177.634058	-1.914242446258913	-0.9415998
turn_right	327.532172	178.401287	-1.7656274543138608	-0.9810804
turn_right	327.064222	177.649074	-1.1628145440587665	-0.9179234
turn_right	327.275051	177.830266	-1.7288082332263586	-0.9875421
turn_right	327.748986	175.804457	-1.159698869340686	-0.9166828
waggle	323.644258	173.922722	-0.673893	-0.6240327
waggle	322.42643	174.294832	-0.777033	-0.701167
waggle	324.188009	173.107864	-0.830836	-0.7384953
waggle	325.723455	167.207723	-0.959582	-0.8189518
waggle	328.289918	171.014896	-0.84474	-0.7477985
waggle	324.678972	170.632025	-0.90886	-0.7888036
waggle	324.464264	172.007638	-1.09283	-0.8879322
waggle	329.15228	173.091732	-0.963528	-0.8212098
waggle	327.121465	170.287069	-1.095048	-0.8889502
waggle	329.918219	174.122672	-0.471097	-0.4538641
waggle	325.933951	171.983519	-0.958099	-0.8180998
waggle	330.772448	174.260843	-1.260427	-0.9522208
waggle	331.581228	170.36091	-1.177651	-0.9237087
waggle	333.44478	173.376102	-1.17963	-0.924465
waggle	334.45617	172.445802	-1.234934	-0.9441265
waggle	333.403062	172.717781	-1.323211	-0.969507
waggle	334.890944	177.821214	-0.947995	-0.8122476
waggle	334.174246	174.128245	-1.099751	-0.8910944
waggle	338.034139	175.982701	-0.824582	-0.7342641
waggle	336.258584	172.853487	-1.280071	-0.9580362
waggle	335.446046	174.87849	-1.111139	-0.8962046
waggle	333.743638	172.364923	-1.338809	-0.9732114
waggle	335.938765	171.901729	-1.338633	-0.9731709
waggle	337.402294	171.892498	-1.352796	-0.9763319
waggle	338.881041	172.400054	0.42633088645691736	0.4135329
waggle	340.750097	173.240103	-1.20171	-0.9326574
waggle	342.77281	172.386841	-1.184284	-0.9262294
waggle	346.796557	173.249331	-1.127012	-0.9031333
waggle	344.140346	170.928661	-1.234749	-0.9440655
waggle	348.014535	176.907151	-0.971185	-0.825555
waggle	345.526663	172.28444	0.12155550122014912	0.1212564
waggle	349.023582	176.551757	-0.924667	-0.7984203
waggle	347.578006	170.71765	-1.021397	-0.8528383
waggle	348.3219	173.40722	-1.20336	-0.9332513
waggle	349.728241	170.042931	-1.334441	-0.9721979
waggle	350.821648	171.112913	-1.304593	-0.9647766
waggle	353.818201	170.083654	-0.1808427362412504	-0.1798586
waggle	351.41994	167.774224	-1.376668	-0.9812162
waggle	354.940015	172.350656	-0.925667	-0.799022
waggle	355.404522	167.566107	-1.2227	-0.9400238
waggle	354.151086	167.476538	-0.204239	-0.202822
waggle	355.37331	165.663896	-1.082198	-0.8829917
waggle	353.428997	168.183416	-0.111074	-0.1108457
waggle	358.033993	163.95655	-0.910203	-0.7896283
waggle	361.426744	168.750981	-0.995373	-0.838962
waggle	361.802758	169.275566	-1.033668	-0.8591816
waggle	361.765395	165.607822	-1.250833	-0.949247
waggle	364.909709	167.713051	-0.924324	-0.7982137
waggle	362.862484	164.474509	-1.294503	-0.9620732
waggle	365.35166	167.935401	-0.38195	-0.3727307
waggle	366.067117	163.914521	-0.911323	-0.790315
waggle	370.236714	168.43914	-0.82953	-0.7376141
waggle	368.001161	164.390408	-0.762323	-0.6906034
waggle	372.703422	164.891435	-0.419809	-0.407586
waggle	372.684721	161.772937	-0.436887	-0.4231209
waggle	377.019246	160.771278	-0.205765	-0.2043161
waggle	376.268761	158.435864	-0.249513	-0.2469321
waggle	380.364229	157.720966	0.0268	0.02679679
waggle	382.057286	161.242463	0.047326	0.04730834
waggle	380.930172	161.901262	0.122157	0.1218534
waggle	381.744406	160.908996	0.211309	0.20974
turn_left	383.378755	157.777143	-1.0568608304435845	-0.8708165
turn_left	382.905245	156.133529	-1.3020671497199454	-0.9641091
turn_left	385.278521	155.186773	3.752222653589793	-0.5733837
turn_left	387.17453	149.988587	3.825564653589793	-0.6318766
turn_left	385.530765	148.983971	3.920996653589793	-0.7028556
turn_left	386.135245	145.743634	4.023068653589793	-0.7716785
turn_left	382.95279	143.367604	4.055768653589793	-0.7920599
turn_left	383.18733	143.552852	4.116174653589793	-0.8274672
turn_left	382.296514	143.20024	4.4100226535897935	-0.9546345
turn_left	381.044931	143.874346	-3.0442867606313966	-0.09715241
turn_left	382.232536	145.147138	-3.0897941006593945	-0.05177539
turn_left	378.260503	144.862969	2.73425038188796	0.3961705
turn_left	377.617014	143.866169	3.022392467990203	0.1189181
turn_left	376.24181	145.728399	2.684672682929548	0.4411861
turn_left	373.024473	142.790872	2.54675506219613	0.5603742
turn_left	369.173389	145.538771	2.123187	0.8512725
turn_left	368.554392	146.575607	2.145187	0.8395235
turn_left	363.246508	148.284711	1.999625	0.9094534
turn_left	362.663255	150.656145	2.001667	0.9086024
turn_left	359.524533	151.839533	2.101042	0.8626828
turn_left	356.496262	153.335542	2.123597	0.8510573
turn_left	353.362347	154.91441	2.202102	0.8072576
turn_left	351.219853	157.422178	2.349927	0.7115246
turn_left	352.35898	156.337828	2.400915	0.6747882
turn_left	351.831223	156.870192	2.480863	0.6136931
turn_left	350.558897	158.146879	1.699202982531763	0.9917672
turn_left	351.127439	160.201918	1.7520604048016686	0.9836166
turn_left	350.484795	159.86614	1.7945724215440486	0.9750664
turn_left	351.800185	162.520856	1.7973306295712335	0.9744506
turn_left	351.901726	163.093347	1.6788693222012852	0.9941658
turn_left	349.459103	164.614243	1.9052613982155482	0.944586
turn_left	347.743414	166.530141	1.478545393074161	0.9957479
turn_left	349.581943	166.426259	1.334696182232477	0.9722576
turn_left	350.808608	167.234969	1.5013547922787718	0.9975899
turn_left	350.57993	169.473913	1.587740108676375	0.9998565
turn_left	352.036111	172.081469	2.03229937404362	0.8953842
turn_left	351.651268	171.655881	1.8194006438702497	0.9692568
turn_left	350.661402	173.829762	1.5546902285644402	0.9998703
turn_left	351.584448	173.665606	0.8442646535897933	0.7474828
turn_left	350.997673	175.085407	0.910905653589793	0.7900593
turn_left	349.449234	175.415493	1.0479866535897933	0.8664197
turn_left	350.120758	176.335755	1.081932653589793	0.8828671
turn_left	346.896089	176.417715	1.316515653589793	0.9678445
turn_left	348.649372	176.665982	1.363185653589793	0.9785262
turn_left	348.274041	177.516015	1.4067386535897932	0.9865727
turn_left	349.645046	177.874881	1.437950653589793	0.991189
turn_left	349.244814	178.017079	1.5176686535897932	0.9985891
turn_left	350.604802	178.017866	0.6817351614565078	0.6301413
turn_left	349.795857	180.438306	0.11289402529990719	0.1126544
turn_left	350.445862	183.275077	-0.056884722456853574	-0.05685405
turn_left	350.119232	181.990389	-0.22174286155878142	-0.2199301
turn_left	349.007586	180.837626	-0.22773716592264626	-0.2257737
turn_left	352.139954	182.549224	-0.46921606448231057	-0.4521872
turn_left	352.587385	181.995185	0.17914443856121992	0.1781878
turn_left	354.215508	178.881645	0.3020084931642739	0.2974384
turn_left	354.354603	180.722802	0.02674831948613322	0.02674513
turn_left	357.12888	182.255495	-0.0945650898673368	-0.09442421
turn_left	361.01681	181.152775	-0.46911597315110687	-0.4520979
waggle	360.253976	186.410907	-0.167963937729797	-0.1671753
waggle	360.275657	184.2435	-1.501458	-0.9975971
waggle	362.340553	185.4508	-1.256318	-0.9509579
waggle	363.305959	181.724536	-1.454902	-0.9932918
waggle	366.019116	180.849515	-1.211848	-0.9362668
waggle	366.169208	176.321057	-1.357452	-0.9773283
waggle	365.469859	180.955921	-1.283143	-0.9589123
waggle	362.367969	180.944102	-1.1619	-0.9175602
waggle	366.970118	178.877489	-1.163003	-0.9179982
waggle	366.87718	181.663186	-0.856252	-0.7553919
waggle	364.530396	177.804951	-1.222328	-0.9398968
waggle	366.385127	181.274053	-0.970585	-0.8252163
waggle	366.891335	175.474857	-1.231987	-0.9431511
waggle	370.331751	177.530396	-0.942445	-0.8089977
waggle	370.418994	171.20879	-1.140782	-0.9089598
waggle	371.336726	172.294112	-1.092913	-0.8879704
waggle	374.270118	176.404871	-0.828699	-0.7370527
waggle	371.914958	170.939604	-1.024651	-0.854533
waggle	374.754934	173.908442	-0.608691	-0.5717941
waggle	374.748595	168.428708	-1.257107	-0.9512016
waggle	375.322772	173.070696	-0.903095	-0.785247
waggle	374.342896	166.340413	-0.984642	-0.8330741
waggle	375.947263	170.195928	-1.057064	-0.8709164
waggle	376.745119	167.873483	-1.159014	-0.9164089
waggle	377.001036	168.99407	-0.995756	-0.8391704
waggle	379.143094	169.077985	-1.036667	-0.8607122
waggle	379.467204	167.047663	-1.151939	-0.9135543
waggle	381.98719	170.182122	-0.673867	-0.6240124
waggle	380.677434	167.328935	-0.960494	-0.8194748
waggle	382.919438	169.765264	-0.996659	-0.8396611
waggle	382.234371	164.668368	-1.145683	-0.910992
waggle	385.052469	167.611276	-1.167368	-0.9197205
waggle	383.187333	164.992524	-1.129725	-0.9042948
waggle	385.453155	167.576913	0.07970233387230652	0.07961798
waggle	387.771757	165.884565	-0.92751	-0.8001289
waggle	386.282406	163.76652	-1.262483	-0.9528467
waggle	388.858341	166.701449	-0.970049	-0.8249134
waggle	389.119528	162.939857	-1.255196	-0.9506102
waggle	392.319138	165.458724	-1.170811	-0.9210667
waggle	389.720103	162.65384	-1.210026	-0.9356252
waggle	393.073974	165.624704	-1.082927	-0.8833336
waggle	391.986801	158.879594	0.45227894411588	0.4370165
waggle	395.856403	162.115442	-0.670179	-0.6211263
waggle	396.743986	159.106477	-1.200055	-0.932059
waggle	401.102922	162.493337	-1.09024	-0.8867379
waggle	400.243347	157.292275	-1.40984	-0.9870745
waggle	401.861083	160.141629	-0.744522	-0.6776204
waggle	402.792694	159.251386	-1.285458	-0.9595665
waggle	404.119423	161.931587	0.4329139175855615	0.4195177
waggle	408.616981	161.978483	-1.035535	-0.8601354
waggle	406.664571	164.272279	-1.016967	-0.8505167
waggle	408.097803	166.871779	-0.827874	-0.7364949
waggle	408.514027	164.006975	-0.792791	-0.7123149
waggle	408.889068	165.006794	-0.616095	-0.5778525
waggle	411.704928	163.432125	-0.44522	-0.4306564
waggle	410.427387	161.715332	-0.374902	-0.3661813
waggle	412.089191	162.568869	-0.269043	-0.265809
waggle	412.826193	162.452794	-0.153366	-0.1527655
waggle	413.287671	161.0699	-0.138247	-0.1378071
waggle	413.764492	161.189687	-0.173073	-0.1722102
waggle	413.834762	160.407824	-0.051179	-0.05115666
waggle	417.718432	159.412911	-1.2281698866646027	-0.9418755
waggle	418.337542	156.999709	-1.4760178101442762	-0.9955119
turn_left	417.048898	155.703665	-1.8582245794666612	-0.9589761
turn_left	416.015668	154.293186	3.305063653589793	-0.1627439
turn_left	414.061778	153.077071	3.393803653589793	-0.2495456
turn_left	413.943449	152.127901	3.451837653589793	-0.3052919
turn_left	409.509928	150.655718	3.521532653589793	-0.3708647
turn_left	408.710437	149.508316	3.6863786535897933	-0.5182351
turn_left	409.337598	146.019066	3.868516653589793	-0.6645743
turn_left	408.087977	146.552014	3.989177653589793	-0.7496844
turn_left	409.482581	142.997838	3.972799653589793	-0.7387454
turn_left	405.340981	142.131918	4.049273653589793	-0.7880783
turn_left	402.472358	141.076946	4.070217653589793	-0.8007972
turn_left	400.256517	138.977636	4.231155653589793	-0.8864247
turn_left	400.912382	139.040021	4.268219653589793	-0.9029679
turn_left	398.139715	138.122001	4.3325646535897935	-0.9287298
turn_left	397.439737	138.057523	-2.7149506557269234	-0.4138161
turn_left	396.481295	136.677581	3.0330162871922326	0.1083632
turn_left	396.544703	134.15961	3.0410134004706832	0.1004098
turn_left	394.245716	136.008193	2.900602535627066	0.2386642
turn_left	393.432338	136.080186	3.061300588670938	0.08020582
turn_left	392.331775	134.096225	2.826096051816425	0.3102886
turn_left	391.419592	133.724452	2.7042240937914004	0.4235572
turn_left	389.9138	134.101009	1.755093	0.9830654
turn_left	387.094479	135.383186	1.862329	0.9578045
turn_left	383.875607	135.652223	1.875959	0.9537981
turn_left	383.084124	136.898512	2.111365	0.8574162
turn_left	382.368019	137.927499	2.171062	0.8251856
turn_left	380.746487	141.39517	2.302868	0.7437913
turn_left	380.787516	140.434084	2.347547	0.713195
turn_left	380.025294	140.130287	2.352957	0.7093923
turn_left	378.839114	144.718836	2.489122	0.6071514
turn_left	379.245884	143.723405	2.518138	0.5838434
turn_left	378.457057	144.000885	2.601043	0.5146074
turn_left	376.62944	144.402774	2.891964	0.2470441
turn_left	378.946166	144.523106	3.054648	0.08683515
turn_left	376.834462	147.131922	-3.091752	-0.04982002
turn_left	376.149448	147.904782	2.341518020280416	0.7174081
turn_left	375.598813	147.619137	2.3207282941178975	0.7317352
turn_left	373.810073	146.9484	1.926996228702064	0.9372287
turn_left	374.33416	145.165359	1.9971614204288703	0.910475
turn_left	373.199124	146.796827	1.8619886737569287	0.9579022
turn_left	369.967205	145.465302	1.2765408780203504	0.9570183
turn_left	369.773396	145.226446	1.4026591937708908	0.9858982
turn_left	368.607509	145.957704	1.3857043307382058	0.9829193
turn_left	368.258485	146.24208	1.197040100338399	0.9309625
turn_left	368.799223	148.216454	1.31159852176448	0.9665959
turn_left	369.0	150.0	1.1409414060210417	0.9090262
turn_left	370.933995	150.276249	0.8991083940527289	0.7827724
turn_left	368.890009	152.91068	0.889232371281496	0.7765884
turn_left	373.837361	153.749524	0.3945105280605484	0.3843564
turn_left	369.759866	155.056884	0.8280480078226327	0.7366126
turn_left	370.739869	154.301444	0.2940402588381695	0.2898214
turn_left	371.126716	153.216293	-0.08052911638492	-0.08044211
turn_left	369.457774	154.292024	0.1502056623501349	0.1496415
waggle	372.700418	153.970173	0.8811578246035005	0.7714761
waggle	373.291038	158.28877	-0.30147146418182	-0.2969256
waggle	374.672352	155.584511	0.35869620746838327	0.3510537
waggle	374.018127	156.969359	-0.31104122589993005	-0.3060501
waggle	372.984088	155.888289	0.3100455821511222	0.305102
waggle	376.768728	156.875008	0.7173772256560812	0.6574106
waggle	378.404547	160.082797	-1.524478	-0.9989275
waggle	378.090083	156.945384	-0.38889463097161026	-0.3791658
waggle	376.493712	162.440326	-1.52394	-0.9989024
waggle	378.848736	157.991098	0.39284377009172167	0.3828171
waggle	380.259544	161.226424	-1.647525	-0.9970578
waggle	382.279152	157.215885	0.7659185623238939	0.6931993
waggle	382.954084	162.51927	-1.654214	-0.9965228
waggle	382.040341	158.429443	0.3225685207022115	0.3170037
waggle	384.502224	159.241537	-1.645789	-0.9971894
waggle	386.575788	158.604269	-1.611223	-0.999183
waggle	387.087721	156.719351	0.32828454587996464	0.3224197
waggle	384.72651	159.496909	-0.962632	-0.8206982
waggle	384.840146	156.480946	0.665000544194411	0.6170596
waggle	386.624023	162.003567	-1.473745	-0.9952942
waggle	391.093047	158.179115	-0.6046695579336441	-0.5684903
waggle	390.891713	160.995625	-1.570337	-0.9999999
waggle	390.059716	157.34411	-1.548521	-0.9997519
waggle	392.073805	160.015689	-1.578841	-0.9999676
waggle	395.064024	158.584156	0.1817812375970077	0.1807817
waggle	392.159379	156.729982	-1.608319	-0.9992961
waggle	391.588968	161.673575	-1.416922	-0.9881847
waggle	395.954548	157.36996	-1.369194	-0.979747
waggle	398.330746	161.253482	-1.438148	-0.9912151
waggle	399.632935	155.383142	-0.060977682448149786	-0.0609399
waggle	398.962064	160.702553	0.07245112114047977	0.07238775
waggle	397.709478	155.844004	0.09296556368828053	0.09283171
waggle	396.133736	159.305331	-0.48616956770494646	-0.4672427
waggle	398.679656	158.474866	0.17246780887019025	0.1716141
waggle	399.403709	154.842191	0.3488258964914595	0.3417947
waggle	399.607887	159.575206	-0.7649972960494578	-0.692535
waggle	401.296215	154.711627	0.49452171019797686	0.4746107
waggle	402.64899	158.560553	-0.2892899866125663	-0.2852718
waggle	403.848776	153.365711	1.3592116535897931	0.9776993
waggle	403.461299	158.175087	1.0802276535897932	0.8820651
waggle	405.142389	155.885786	1.0155636535897932	0.8497778
turn_right	402.923777	159.176808	-0.4137877639961117	-0.4020803
turn_right	405.563521	157.727014	0.926457653589793	0.7994972
turn_right	407.364749	157.641475	0.6778406535897932	0.6271125
turn_right	407.194517	157.807463	0.6307426535897931	0.5897447
turn_right	410.538267	158.123365	0.4923456535897932	0.4726942
turn_right	411.02846	158.79098	0.9457185488122244	0.8109176
turn_right	413.338018	162.50272	1.2587875815901024	0.9517189
turn_right	413.631465	163.185078	1.554715654107043	0.9998707
turn_right	413.358418	162.875133	1.9864794736083327	0.9148407
turn_right	412.818827	162.179182	2.3654385997244076	0.7005401
turn_right	411.561533	161.043609	1.968419648678573	0.9219839
turn_right	412.200452	162.057591	2.755445	0.3766225
turn_right	412.576535	162.552732	2.611465	0.5056435
turn_right	410.282612	163.309899	2.585452	0.5279124
turn_right	408.96138	163.410137	2.523747	0.5792804
turn_right	408.162812	163.743081	2.537933	0.5676591
turn_right	408.708391	165.297065	2.469015	0.6230043
turn_right	408.557272	167.583507	2.377249	0.6920634
turn_right	408.638185	167.866824	2.294163	0.7495815
turn_right	406.846131	168.635664	2.227411	0.7920633
turn_right	405.09796	170.824783	2.124218	0.8507311
turn_right	403.519117	171.891867	2.15289	0.8353134
turn_right	402.936234	173.772747	2.018817	0.9013063
turn_right	400.481809	175.31511	1.917586	0.9404687
turn_right	400.124391	177.773541	1.900468	0.9461487
turn_right	398.560958	179.435502	1.736127	0.986364
turn_right	396.389011	180.173779	-3.127081144589272	-0.014511
turn_right	394.272883	180.11061	-3.057455654226689	-0.08403777
turn_right	390.618277	181.495912	-2.9557523091677234	-0.1847725
turn_right	388.516924	180.418139	-2.9254012975781425	-0.2145112
turn_right	385.659387	180.287295	-2.976398119918389	-0.1644442
turn_right	384.749749	179.165038	-2.93645217320396	-0.2037047
turn_right	381.660121	180.299614	-2.9168506836683084	-0.2228548
turn_right	379.860085	178.11302	3.0411209252971556	0.1003028
turn_right	374.77903	176.429873	2.9867917643089097	0.1541834
turn_right	371.142487	178.818961	4.222036653589793	-0.882167
turn_right	369.757031	178.773358	3.993033653589793	-0.7522307
turn_right	367.590311	178.18638	3.941837653589793	-0.7175268
turn_right	366.791837	176.025269	3.889562653589793	-0.680152
turn_right	364.701061	174.678926	3.8003226535897934	-0.6121131
turn_right	364.267256	173.688322	3.726506653589793	-0.5521277
turn_right	361.580483	172.319553	3.436570653589793	-0.2907188
turn_right	361.2787	170.160946	-2.2635774624447365	-0.7694727
turn_right	359.00637	167.714019	-1.7496632020299892	-0.9840459
waggle	358.123741	165.574041	-1.5898686572907237	-0.9998181
waggle	360.432114	163.271326	-0.05437	-0.05434322
waggle	356.200696	163.641365	-0.344394	-0.3376263
waggle	357.525778	162.953575	-0.376922	-0.3680603
waggle	355.866859	161.131467	-0.647873	-0.6034918
waggle	358.58186	162.821937	-0.5523	-0.5246467
waggle	357.947465	161.957336	-0.746988	-0.6794318
waggle	355.00176	161.09155	-0.848164	-0.7500674
waggle	353.326836	161.972967	-1.007064	-0.8452667
waggle	351.813763	159.691827	-1.220665	-0.9393277
waggle	350.897802	159.563907	-1.277397	-0.9572663
waggle	352.266657	156.896848	-1.398761	-0.9852384
waggle	352.945361	159.276025	-1.325577	-0.9700841
waggle	354.613484	161.734721	-1.387341	-0.9832192
waggle	355.093431	158.151527	-1.431652	-0.990335
waggle	356.900755	161.92325	-1.180283	-0.9247138
waggle	358.075634	157.364385	-1.53972	-0.9995172
waggle	360.485713	162.534692	-1.240198	-0.9458483
waggle	358.26383	160.590541	-2.024438	-0.8988571
waggle	359.788343	161.970669	-1.227627	-0.941693
waggle	358.121088	162.229213	-2.105604	-0.8603667
waggle	360.061802	161.903125	-1.158208	-0.916086
waggle	365.149065	158.732476	-1.297234	-0.9628146
waggle	362.734075	154.732535	-1.500245	-0.9975123
waggle	360.902123	157.838932	-0.807502	-0.7225625
waggle	360.923627	154.652143	-1.446226	-0.9922511
waggle	359.247553	154.900992	-0.56021	-0.5313641
waggle	362.243989	152.787735	-1.499058	-0.9974279
